,22.5,22.25,22.5,22.75,22.0,22.0,22.5
15/11/2019 4:22:0
21.25,21.75,20.25,21.25,20.75,21.75,20.75,22.0,21.25,21.75,21.5,22.25,21.75,21.5,21.25,22.0,21.25,22.0,22.0,21.25,22.0,22.25,21.75,22.0,22.25,22.0,21.75,22.0,21.5,22.0,21.75,21.75,22.25,22.25,21.75,22.25,21.75,21.5,21.75,21.5,22.25,22.75,22.25,21.75,21.75,21.75,22.0,22.5,23.0,21.5,21.75,21.75,22.25,21.75,22.0,22.5,23.0,22.0,22.5,22.5,22.25,22.0,22.25,21.5
15/11/2019 4:27:14
21.75,22.25,21.0,21.25,21.75,21.25,21.5,21.75,21.5,21.25,21.75,21.5,22.0,21.5,21.75,22.0,22.0,21.75,22.0,22.0,22.25,21.75,21.5,22.0,22.25,22.0,22.0,22.25,22.25,22.25,22.0,21.5,22.0,22.25,22.5,22.25,22.25,22.0,21.75,21.75,22.75,22.75,22.5,22.0,22.5,22.0,22.5,22.75,21.75,22.5,21.75,21.75,22.0,22.0,22.0,22.5,23.0,22.5,22.0,21.75,21.5,22.25,21.5,22.25
15/11/2019 4:32:27
22.25,22.5,22.0,22.5,22.5,22.25,23.0,23.75,23.5,23.25,22.5,22.75,22.0,23.25,22.25,23.25,23.25,22.75,22.5,22.75,22.5,23.0,22.5,22.75,23.25,23.25,23.75,24.25,22.75,23.0,22.75,22.25,23.5,23.5,22.75,23.75,24.5,23.25,23.25,23.5,24.0,23.75,23.25,23.0,23.5,23.5,23.0,23.5,24.0,23.75,23.25,23.75,22.75,22.5,23.0,23.75,23.75,23.75,24.25,23.5,23.5,23.0,23.5,23.25
15/11/2019 4:37:41
23.25,23.5,23.0,23.75,22.75,23.25,22.75,24.0,25.0,23.5,23.5,23.5,23.25,23.5,23.0,23.75,23.75,24.0,23.5,23.5,23.75,23.5,23.5,23.5,23.75,24.0,24.5,25.5,23.5,23.75,23.25,23.75,24.0,23.75,23.75,25.0,25.25,23.5,23.25,24.0,24.5,24.25,24.25,23.5,24.75,25.0,23.75,24.25,25.25,24.25,24.0,24.0,24.0,23.25,23.75,24.75,25.0,25.25,26.0,24.75,24.0,24.5,24.0,24.0
15/11/2019 4:42:55
23.75,24.75,23.25,23.75,23.25,23.5,23.0,24.75,26.0,24.0,23.75,24.25,23.75,24.0,23.75,24.25,23.75,23.75,23.75,23.75,24.0,23.75,23.75,24.5,24.25,24.25,25.75,26.25,24.25,23.75,23.75,24.25,24.5,24.5,24.5,26.0,26.5,24.0,23.75,24.25,24.75,25.25,24.5,24.25,24.75,25.25,23.75,24.25,26.25,25.0,24.25,24.25,24.0,23.5,24.0,24.75,25.25,25.25,26.25,24.75,24.75,24.5,24.5,24.75
15/11/2019 4:48:8
24.5,24.25,23.75,24.5,23.25,23.75,24.0,25.0,26.5,24.25,24.5,24.25,24.5,24.25,24.5,24.5,24.0,24.5,24.25,24.5,24.25,24.25,24.0,24.75,24.75,24.75,26.0,26.75,24.75,24.0,24.5,24.25,24.5,24.5,24.5,26.5,26.75,24.25,24.25,24.5,25.0,25.25,25.0,24.75,25.75,26.0,24.5,24.5,25.75,25.25,24.0,24.75,24.75,24.5,24.5,25.25,26.0,26.25,27.0,25.0,24.75,24.5,24.5,25.5
15/11/2019 4:53:22
25.0,24.5,24.0,24.0,23.0,24.25,24.25,24.75,26.5,24.0,24.25,24.25,24.5,24.25,24.25,25.0,24.5,24.5,24.5,24.0,24.25,24.5,24.5,24.5,24.75,24.5,26.25,26.75,24.25,24.5,24.5,24.0,24.75,25.0,24.25,26.25,26.75,24.25,24.0,24.25,25.25,25.25,24.5,24.75,25.5,26.25,23.75,24.75,26.25,25.0,25.0,25.0,25.0,24.25,24.5,24.25,26.0,25.5,27.0,25.25,24.5,24.25,24.5,24.5
15/11/2019 4:58:35
24.0,25.0,23.75,24.25,23.75,24.0,24.0,25.25,27.25,25.25,24.5,25.0,24.5,24.5,24.75,25.25,24.75,24.5,24.75,24.5,24.25,25.0,24.75,25.0,24.75,24.75,26.5,27.5,25.0,24.25,24.5,24.5,25.5,25.25,25.5,27.0,27.5,24.75,24.75,25.25,25.0,25.25,25.5,25.5,26.0,26.5,25.5,25.25,26.5,26.0,24.75,25.75,24.75,24.75,25.25,25.0,26.25,27.25,27.25,25.75,25.5,25.25,24.75,25.75
15/11/2019 5:3:49
25.0,25.0,24.25,25.0,24.5,24.75,24.25,25.25,27.0,25.5,24.75,24.75,24.75,24.75,25.25,25.5,24.75,25.0,25.0,25.0,24.75,25.0,24.75,25.25,25.5,25.75,26.5,27.5,24.5,24.75,25.0,25.5,25.5,25.0,25.25,27.25,27.75,25.5,25.0,24.75,25.25,25.75,25.5,25.25,26.25,26.5,24.75,25.0,26.5,26.5,25.25,25.5,25.5,25.25,25.5,25.0,26.5,26.75,28.25,26.0,25.75,25.25,24.75,25.5
15/11/2019 5:9:3
24.75,25.0,24.5,25.0,24.0,24.5,24.25,25.0,26.75,25.0,24.75,25.0,25.0,25.0,24.5,25.5,24.75,24.75,25.25,24.5,24.75,25.0,25.25,25.75,25.5,25.0,27.0,27.5,25.25,25.0,25.0,25.25,25.5,25.25,25.0,27.25,28.0,25.25,25.0,25.5,25.25,25.25,25.5,25.0,26.5,26.75,25.75,25.75,26.5,26.0,25.25,25.75,25.25,25.25,25.25,26.0,26.25,27.5,27.0,26.25,25.5,25.25,24.75,26.0
15/11/2019 5:14:16
25.0,26.0,24.75,25.0,24.75,25.0,24.75,25.5,27.75,25.5,25.25,25.5,25.5,25.5,25.0,26.25,25.25,25.0,25.75,25.0,24.75,25.25,25.25,25.5,25.75,25.5,27.0,28.0,25.5,25.25,25.5,25.25,25.75,25.75,25.25,28.0,28.25,25.25,25.25,25.5,26.0,25.75,25.75,25.25,26.25,26.75,26.0,25.0,26.5,26.25,25.75,25.75,25.75,25.25,25.25,25.25,26.5,26.75,28.0,26.25,25.75,25.0,25.75,25.5
15/11/2019 5:19:30
25.5,25.25,24.75,25.0,24.75,24.75,24.75,24.75,27.5,25.0,25.25,24.75,25.0,25.25,25.25,25.5,25.5,25.5,25.5,25.5,24.75,25.0,25.5,26.0,25.5,25.75,27.5,27.5,25.75,25.25,25.5,25.25,26.0,26.0,25.5,27.25,28.5,25.75,25.25,25.75,26.0,26.25,26.5,25.25,26.5,26.75,24.5,25.5,26.75,26.25,25.75,25.75,25.25,25.5,25.75,25.5,27.0,27.0,27.75,26.25,25.75,25.5,25.75,26.0
15/11/2019 5:24:44
25.5,25.5,25.0,25.5,24.5,25.0,24.5,26.25,27.5,25.5,25.0,25.0,24.75,25.5,25.0,26.0,25.0,25.5,25.5,24.75,24.75,25.0,25.5,25.25,25.0,25.75,26.75,28.0,25.25,25.0,25.25,25.5,25.75,25.5,25.0,27.5,27.75,25.75,24.0,25.25,26.25,25.75,25.5,25.0,26.25,26.75,25.25,25.75,27.0,26.25,25.75,25.0,25.25,24.75,25.5,25.25,26.0,27.75,27.5,25.75,25.25,25.25,24.5,25.75
15/11/2019 5:29:57
24.5,24.75,23.5,24.5,23.5,24.5,24.0,25.0,27.0,25.0,24.25,24.5,24.25,24.5,24.5,25.0,25.0,24.75,24.5,24.75,24.0,24.0,24.75,25.0,24.75,25.25,26.5,27.25,25.0,24.75,24.5,25.25,25.25,25.0,24.5,27.0,28.0,25.0,24.25,24.5,25.25,25.0,25.25,25.0,26.0,26.25,24.75,24.75,26.25,25.75,24.75,25.25,24.25,24.5,24.5,24.75,26.0,26.25,27.0,25.25,25.0,24.25,24.25,25.25
15/11/2019 5:35:11
25.25,25.5,24.5,24.75,24.5,24.75,25.0,26.0,28.0,25.25,25.0,25.5,25.0,25.25,25.0,25.75,25.0,24.75,25.75,25.0,25.0,24.5,25.25,25.5,25.5,25.75,27.0,28.0,25.25,25.25,25.25,25.75,25.75,24.75,25.5,27.0,28.25,25.5,25.0,25.5,25.75,25.5,25.75,25.25,26.25,26.25,25.0,25.75,26.75,26.5,25.25,25.25,25.25,24.75,25.25,25.5,26.75,26.5,27.75,25.75,25.25,25.25,25.25,25.5
15/11/2019 5:40:25
25.5,25.75,24.75,25.5,24.75,25.25,25.0,25.75,27.25,25.5,25.25,24.75,25.5,25.25,25.0,26.0,25.0,25.0,25.75,24.5,25.0,25.5,25.5,26.25,25.75,25.75,27.0,28.0,25.5,25.0,25.5,25.5,26.0,25.5,25.25,27.25,28.25,25.5,25.25,25.5,25.75,25.5,25.5,25.25,26.75,26.75,25.0,25.5,27.0,26.0,26.0,25.5,25.0,25.5,25.5,25.25,26.5,27.0,27.5,25.75,25.5,24.75,25.0,25.75
15/11/2019 5:45:38
25.75,26.5,25.75,25.0,25.0,25.5,25.25,26.5,27.5,25.25,25.25,25.5,25.0,24.75,25.0,26.5,25.25,25.25,25.5,24.75,25.25,25.25,25.25,26.25,25.25,25.25,27.5,28.0,25.5,25.0,25.25,25.5,25.75,25.25,25.25,27.75,28.25,25.75,25.25,25.25,25.75,26.0,25.75,25.5,26.25,27.0,25.25,25.0,27.25,26.25,25.25,25.5,25.0,24.75,25.25,25.5,26.75,27.25,27.5,26.25,25.75,25.5,25.25,26.25
15/11/2019 5:50:52
25.75,26.25,24.5,25.5,25.5,25.0,25.25,26.5,28.25,25.75,25.5,25.25,25.0,25.75,25.25,26.25,25.5,26.0,25.75,25.5,25.25,25.25,26.0,26.5,25.5,25.25,27.0,28.0,25.25,25.5,25.5,26.0,26.0,25.75,25.5,27.5,28.0,25.5,25.0,26.0,26.0,25.5,26.0,25.5,26.5,27.0,25.5,25.75,27.5,26.75,25.75,25.75,25.0,25.5,25.5,25.25,26.25,26.75,27.75,25.75,25.0,25.0,25.5,25.5
15/11/2019 5:56:5
26.0,25.75,24.25,25.0,25.0,25.0,25.25,26.25,27.5,25.5,25.0,25.75,25.0,25.0,25.75,26.5,25.25,25.0,25.75,25.25,25.25,25.25,25.75,26.0,25.25,25.5,26.5,27.25,25.25,25.25,25.75,25.0,25.5,25.0,25.0,27.25,27.75,25.5,25.0,25.5,26.0,26.0,26.0,25.5,26.0,27.0,25.0,25.25,26.75,26.5,26.0,25.5,25.25,25.75,25.75,26.0,26.75,26.25,27.5,26.25,26.0,25.25,24.75,25.5
15/11/2019 6:1:19
25.25,25.75,25.25,25.75,24.75,25.0,25.25,25.75,26.5,25.5,25.25,25.5,26.0,25.25,25.75,26.0,24.5,25.25,25.25,24.5,24.75,25.0,25.5,25.75,25.25,25.25,26.5,27.0,25.0,25.0,25.5,25.0,25.5,25.5,25.25,26.75,27.25,25.75,24.75,25.5,25.75,26.25,25.75,25.25,26.25,26.25,25.25,25.5,26.0,26.25,25.5,25.75,25.5,25.0,25.5,25.25,26.25,26.5,26.5,25.75,25.5,25.0,25.0,25.75
15/11/2019 6:6:33
25.5,25.5,25.25,25.25,24.5,25.0,25.25,25.75,27.0,25.75,25.0,25.0,25.0,25.25,25.0,26.25,25.0,25.0,25.25,25.25,25.0,25.25,25.25,26.5,25.75,25.75,27.25,27.25,25.75,25.5,26.0,25.5,25.75,25.5,25.25,27.0,27.75,25.75,25.0,25.75,26.0,26.0,25.5,25.75,26.5,26.75,25.5,25.25,27.25,26.0,26.25,25.25,25.25,25.25,25.25,25.5,27.0,26.75,27.5,26.0,26.0,25.0,25.25,25.5
15/11/2019 6:11:46
24.75,25.0,24.25,24.75,23.75,24.25,25.0,25.0,27.0,24.75,24.25,24.25,24.25,24.0,25.0,25.75,24.75,24.5,24.5,24.5,23.75,24.25,25.0,25.0,24.25,24.25,26.25,27.0,24.75,24.5,24.5,24.75,25.0,24.5,24.0,26.25,27.75,24.75,24.0,24.0,25.75,25.5,25.0,24.5,26.0,26.0,24.25,24.5,25.75,25.25,24.75,24.75,24.75,24.25,25.0,24.75,26.0,26.25,26.75,25.25,24.75,24.75,24.25,24.75
15/11/2019 6:17:0
24.0,24.0,23.75,23.5,23.5,23.5,24.0,24.75,26.25,23.75,24.0,24.0,24.25,24.0,24.25,25.0,24.25,23.75,24.0,24.0,24.0,24.25,24.0,24.75,24.25,24.0,25.75,26.25,24.25,23.75,24.0,23.75,24.5,23.75,24.0,26.25,27.25,24.5,24.25,24.0,24.5,24.5,24.5,24.0,25.5,25.25,24.0,24.25,25.5,25.0,24.25,24.25,23.5,24.0,24.25,24.0,24.75,26.0,25.75,25.0,24.25,24.5,23.75,24.25
15/11/2019 6:22:14
23.75,24.5,23.5,23.75,23.0,23.5,23.25,25.0,26.25,24.0,23.75,24.25,24.0,23.75,24.25,25.0,23.75,23.5,23.75,23.75,24.25,24.0,24.25,24.25,24.25,24.25,26.0,26.5,24.25,23.25,24.5,24.0,24.25,24.0,23.75,26.25,26.5,23.75,23.5,24.0,25.0,24.0,24.25,24.0,25.5,25.25,24.0,24.75,24.75,24.75,24.0,23.5,23.75,23.75,24.0,24.5,25.5,25.5,26.25,24.75,24.0,23.75,24.0,24.5
15/11/2019 6:27:27
24.0,24.25,22.75,24.0,23.25,23.25,23.75,24.75,26.25,24.0,23.5,24.25,23.75,23.5,24.25,24.5,24.0,23.5,23.75,23.5,23.5,23.5,24.0,24.5,24.0,23.75,25.75,27.0,23.75,23.75,24.0,23.75,24.25,24.0,23.75,26.5,26.75,23.75,23.5,24.0,24.75,24.0,24.25,24.0,25.0,25.25,24.0,24.25,25.0,24.5,23.75,24.0,24.0,24.0,23.5,23.75,25.25,25.5,26.0,24.25,24.0,23.75,23.25,24.0
15/11/2019 6:32:41
24.0,24.0,23.0,23.75,23.5,23.75,23.5,24.25,25.75,24.0,23.5,24.0,23.75,23.75,23.75,24.75,23.75,23.75,23.75,23.75,23.75,24.25,24.0,24.75,24.5,24.0,25.75,26.25,23.75,23.5,23.75,23.5,24.25,24.5,24.0,26.25,27.25,24.25,24.0,24.5,24.75,24.0,24.25,23.75,25.5,25.25,24.25,24.25,25.75,24.5,23.75,23.5,23.75,23.75,23.75,24.25,25.0,26.0,26.0,24.5,24.25,24.25,24.0,24.25
15/11/2019 6:37:55
24.0,23.5,23.25,23.5,22.75,23.0,23.5,24.5,26.0,23.75,23.5,23.0,23.25,24.0,23.5,24.75,23.5,23.5,23.5,23.25,23.0,23.0,23.75,24.25,23.25,24.0,25.5,26.0,23.25,23.5,23.5,23.75,24.25,23.5,23.75,25.75,27.0,23.75,23.0,23.75,24.0,24.5,23.5,23.75,25.5,25.25,24.0,24.0,25.25,24.5,23.75,23.5,23.5,23.75,24.25,24.0,25.25,25.5,26.75,24.0,23.75,23.75,23.5,24.0
15/11/2019 6:43:8
23.75,23.75,22.75,23.75,22.75,23.5,23.25,24.25,26.25,23.25,23.0,23.25,23.25,23.5,23.75,24.5,23.5,24.25,24.0,23.75,23.5,23.75,24.25,24.25,23.25,23.75,25.75,25.75,23.75,23.75,23.75,23.5,24.0,23.5,24.0,26.0,27.0,24.0,23.75,24.0,24.5,24.25,24.0,23.5,25.5,25.25,23.5,23.75,24.5,24.25,23.5,23.75,23.75,23.25,23.75,24.0,25.25,25.0,25.75,23.75,23.5,24.0,23.5,23.75
15/11/2019 6:48:22
23.75,23.75,22.25,23.5,23.0,22.75,23.25,24.0,25.5,24.0,23.0,23.75,23.25,23.25,23.5,24.5,23.5,23.5,23.25,23.75,23.5,23.5,24.0,23.75,23.75,24.0,25.5,26.25,23.75,23.75,23.75,23.25,23.75,23.25,24.0,26.0,26.75,23.75,23.5,23.25,24.25,24.0,24.0,23.75,25.5,25.0,23.5,23.75,25.5,24.25,23.5,23.75,23.5,24.0,24.25,24.0,24.5,25.25,26.25,24.0,23.75,23.5,23.25,23.5
15/11/2019 6:53:36
23.75,23.75,23.25,23.5,23.25,23.25,23.25,24.25,26.0,23.5,23.5,23.5,23.25,23.25,23.75,24.25,23.75,23.25,23.75,23.75,23.5,23.5,23.5,24.25,23.5,24.0,25.25,26.0,23.5,23.5,23.5,23.25,24.25,24.0,23.5,26.0,27.0,23.75,23.75,23.75,24.5,24.0,23.75,23.25,25.25,25.0,24.0,24.0,25.0,24.25,23.75,23.5,23.25,23.5,23.5,24.25,25.5,25.5,26.5,24.25,23.75,23.0,23.75,24.0
15/11/2019 6:58:49
23.75,24.25,23.0,23.0,23.25,23.25,23.75,24.5,25.25,23.5,23.75,23.75,23.75,23.25,23.5,24.5,23.75,23.75,23.75,24.0,23.25,24.0,24.0,24.25,23.5,24.0,25.75,26.25,24.25,23.5,23.25,23.25,24.25,23.25,24.0,26.25,27.25,24.25,23.25,24.25,24.0,24.5,23.75,24.0,25.0,25.0,23.75,24.0,25.0,24.5,23.5,23.25,23.75,23.0,24.0,23.5,25.0,25.5,25.75,23.5,23.75,23.5,23.25,23.75
15/11/2019 7:4:3
24.0,23.75,22.75,23.75,23.25,23.75,23.75,24.75,26.5,24.25,23.75,23.25,23.5,23.5,23.75,24.75,23.75,23.5,23.75,23.5,23.75,23.75,23.75,23.75,23.75,24.25,25.5,25.75,24.0,23.5,23.5,24.0,24.0,24.25,23.75,26.25,27.0,24.25,23.25,24.0,23.75,24.25,23.75,24.0,25.0,25.0,24.0,24.25,25.0,24.25,24.0,23.75,23.75,23.25,24.25,24.0,24.75,25.25,26.0,24.5,23.75,23.5,23.25,23.75
15/11/2019 7:9:17
23.25,23.5,22.5,23.0,22.5,23.0,22.5,23.25,25.5,23.5,22.5,23.0,22.75,23.0,22.75,24.25,23.25,23.25,23.5,22.75,23.5,23.25,23.25,23.75,23.5,23.25,25.0,25.75,23.5,23.5,23.0,23.5,23.75,23.5,23.25,26.0,26.5,23.5,23.0,23.5,24.5,24.25,23.75,23.25,25.25,24.75,23.5,23.75,25.5,24.25,23.0,23.75,23.75,23.75,23.75,24.0,24.75,25.5,25.75,24.75,23.25,24.25,22.75,24.25
15/11/2019 7:14:31
23.5,23.5,22.5,23.5,23.25,23.5,23.25,24.5,26.5,23.5,23.5,23.75,23.25,23.25,23.5,24.75,23.75,22.75,23.75,23.75,23.5,23.5,23.75,24.0,23.75,24.25,25.5,26.25,23.75,23.75,23.25,23.5,24.0,23.75,23.75,26.0,26.75,23.75,23.5,23.25,24.25,24.0,24.0,23.75,24.5,25.5,23.25,24.25,25.5,24.75,23.75,23.5,24.0,23.25,23.5,24.0,25.0,25.0,25.25,24.25,23.5,24.0,23.5,23.25
15/11/2019 7:19:44
23.25,23.5,23.0,22.75,23.0,22.75,23.25,23.75,25.5,23.5,22.75,23.5,23.0,23.0,23.25,24.5,23.5,23.25,23.25,23.5,23.5,23.25,23.5,23.25,23.75,24.0,25.5,26.0,23.5,23.25,23.5,23.25,23.5,23.5,23.25,25.75,26.25,23.75,23.0,23.5,24.25,24.25,23.75,23.25,24.75,25.0,24.0,23.75,24.75,24.25,23.25,23.25,23.25,23.25,23.5,24.25,25.0,25.25,26.5,24.25,23.75,23.0,23.75,23.5
15/11/2019 7:24:58
23.75,23.5,23.0,23.75,23.0,23.75,23.0,24.75,26.25,23.75,23.0,23.25,23.0,23.25,23.5,24.0,23.75,23.25,23.75,23.0,24.0,23.5,23.75,23.75,23.5,23.5,25.5,26.25,23.75,23.25,23.5,23.25,24.25,23.5,24.0,26.0,26.75,23.75,23.0,23.5,24.25,24.25,23.75,23.25,25.25,25.0,23.5,24.0,25.25,24.5,23.5,23.5,24.0,23.75,23.75,24.25,25.25,25.5,26.25,24.0,23.25,23.5,23.5,23.75
15/11/2019 7:30:12
23.5,23.5,22.5,23.25,23.0,23.5,23.5,24.25,26.0,24.0,23.0,23.25,22.75,23.75,23.5,24.25,24.25,24.0,23.75,23.25,23.75,23.5,23.25,24.25,24.0,23.75,25.25,25.75,24.0,23.25,23.75,23.5,23.5,23.5,23.75,26.0,27.25,24.0,23.75,23.75,24.0,24.25,24.0,23.75,25.25,25.0,23.5,23.75,25.25,24.25,23.75,23.75,23.75,23.75,23.75,24.25,25.0,25.0,26.25,24.5,23.75,23.25,23.5,24.0
15/11/2019 7:35:25
23.75,23.75,23.0,23.5,23.5,23.75,23.75,24.25,25.75,24.0,23.5,24.0,23.25,23.25,24.25,24.5,23.5,23.5,23.75,23.25,23.5,23.75,23.25,24.25,23.5,23.5,25.75,25.75,24.0,23.25,24.0,23.75,23.75,23.75,23.75,25.75,26.75,24.0,23.75,24.0,24.25,24.25,24.25,23.75,25.5,25.25,23.75,24.0,25.5,24.75,23.75,23.5,24.0,23.25,23.5,24.0,25.0,25.5,25.75,23.75,23.75,23.25,23.0,23.0
15/11/2019 7:40:39
24.0,23.75,23.0,23.5,23.0,23.0,23.5,24.75,26.25,24.0,23.75,23.25,23.5,23.25,24.0,24.25,23.75,23.5,23.5,23.25,23.25,23.25,23.5,23.75,24.0,23.75,25.75,26.0,23.5,23.25,23.25,23.25,24.25,23.75,23.75,26.25,27.25,23.5,23.75,23.5,24.0,24.0,24.25,23.75,24.75,25.25,23.5,24.25,25.25,25.0,23.25,23.75,23.5,23.5,23.25,23.75,25.0,25.25,26.0,24.0,23.75,23.5,23.5,24.0
15/11/2019 7:45:53
23.75,23.5,22.75,23.5,23.25,23.25,23.25,24.0,26.25,23.75,23.75,23.25,24.0,23.75,23.25,24.5,23.5,23.25,23.75,22.5,23.25,23.25,23.0,24.0,24.0,23.5,25.75,25.75,23.75,23.5,23.5,23.25,23.5,23.75,23.5,25.5,26.75,23.75,23.25,23.25,23.75,24.0,24.25,23.5,25.0,25.0,23.25,24.0,25.0,24.25,23.5,23.25,23.0,23.5,23.5,23.75,24.5,25.25,26.0,23.75,23.0,23.5,23.0,23.25
15/11/2019 7:51:6
24.0,24.0,22.75,23.5,23.0,23.0,23.75,24.0,26.25,24.25,23.5,23.5,23.25,24.0,23.5,24.5,24.25,23.5,24.0,23.75,24.0,23.75,24.0,23.75,23.75,23.75,25.25,26.25,23.75,23.5,23.75,24.0,23.75,24.0,23.75,25.75,27.0,23.75,24.0,23.75,24.0,24.25,24.0,23.75,25.0,25.5,23.25,24.25,25.5,25.0,23.5,23.75,24.0,23.5,23.75,23.5,25.25,25.0,26.0,24.0,23.5,23.75,23.5,23.5
15/11/2019 7:56:20
23.5,24.0,23.0,23.5,23.0,23.0,23.25,24.5,26.0,23.5,23.5,23.25,23.25,23.25,23.75,24.0,24.0,23.5,23.5,23.75,23.75,23.75,23.5,23.75,23.25,23.75,25.0,25.75,23.5,23.25,22.75,23.25,23.75,23.5,23.75,26.25,26.5,23.75,23.5,24.0,24.5,24.0,24.0,23.25,24.75,24.75,23.75,23.75,25.25,24.0,23.5,23.5,23.75,23.25,23.5,24.25,25.75,25.0,26.25,24.0,23.75,23.75,24.25,23.75
15/11/2019 8:1:34
24.25,23.75,23.25,23.5,23.25,23.5,23.75,24.25,26.0,23.75,23.75,23.5,23.5,23.0,24.0,24.25,23.75,23.5,24.0,23.5,23.25,23.5,24.0,24.25,23.75,24.0,25.25,26.25,23.5,23.25,23.25,24.0,23.5,23.5,24.0,26.0,26.75,24.25,23.25,23.75,24.25,24.25,23.75,23.75,24.75,25.25,23.5,23.75,25.0,24.25,24.0,23.75,23.5,23.75,23.25,24.0,24.75,24.75,25.75,23.75,23.5,23.25,23.5,23.25
15/11/2019 8:6:47
23.75,24.25,23.25,23.75,23.5,23.25,23.75,24.25,26.5,24.0,23.25,23.5,23.5,23.5,23.25,24.0,24.25,24.25,23.75,23.5,23.75,23.5,23.75,24.5,24.0,23.75,25.75,26.5,24.0,23.5,23.5,23.25,24.0,24.25,24.0,26.0,27.0,24.5,23.5,24.0,24.25,24.5,24.25,24.25,25.5,25.25,23.75,24.0,25.5,24.25,23.5,23.5,24.0,23.75,23.25,23.75,25.25,26.0,25.75,24.5,24.0,24.0,23.5,23.5
15/11/2019 8:12:1
23.5,23.5,23.0,23.0,23.0,23.25,23.5,23.75,25.25,23.75,22.75,23.75,23.0,23.25,23.25,24.25,24.25,23.5,24.25,23.25,23.25,23.25,23.25,24.0,24.25,24.0,26.0,26.25,23.5,23.25,23.5,23.25,23.75,23.75,23.75,26.25,26.75,24.0,23.75,23.75,24.0,24.5,23.25,23.5,24.5,25.0,23.5,23.5,24.5,24.75,23.5,24.0,23.25,23.5,23.5,23.25,25.25,25.25,26.25,24.0,23.5,23.5,23.25,23.25
15/11/2019 8:17:14
23.75,23.75,22.75,23.25,23.0,23.25,22.75,24.0,25.75,24.0,23.25,23.75,23.0,23.5,23.5,24.0,24.0,23.75,23.5,23.25,23.25,23.5,23.75,23.75,24.0,24.0,26.25,26.5,24.0,23.5,23.25,23.5,24.0,23.5,24.0,26.5,26.75,23.75,23.5,23.5,24.0,24.0,23.75,23.25,25.25,25.5,23.25,23.5,25.25,24.0,23.25,23.5,23.5,23.5,24.0,23.75,25.5,25.25,26.0,24.75,24.0,23.75,23.75,24.0
15/11/2019 8:22:28
23.75,23.75,22.75,22.75,22.75,23.0,23.5,24.0,25.5,24.25,23.25,23.75,23.5,23.5,23.5,24.25,23.75,23.5,23.75,23.25,23.75,23.75,23.75,24.0,24.0,23.5,25.25,25.75,23.75,23.75,23.25,23.0,24.0,23.5,23.75,25.75,26.75,23.5,23.25,23.5,24.25,24.25,24.0,23.75,25.5,25.25,23.5,23.75,25.25,24.5,23.5,23.75,23.5,23.75,23.5,24.0,25.0,25.5,26.25,24.5,23.25,23.5,23.25,23.5
15/11/2019 8:27:42
23.75,23.5,23.0,23.5,23.5,23.5,23.75,25.0,26.0,23.25,23.5,23.5,23.5,23.5,23.75,24.5,23.75,23.5,24.0,23.5,23.5,23.75,24.0,24.25,23.25,23.5,25.25,25.75,23.25,23.5,23.5,23.25,23.75,23.75,24.0,26.5,26.75,24.0,23.25,23.5,24.5,24.25,24.25,23.75,25.5,24.75,23.5,23.25,25.75,24.25,23.25,23.25,23.5,23.5,23.25,23.75,25.5,25.25,26.25,23.5,24.25,23.75,23.5,23.0
15/11/2019 8:32:55
23.75,23.5,22.75,23.25,23.5,23.0,23.5,24.25,26.0,24.25,22.75,23.0,23.25,23.75,23.25,24.5,23.5,23.5,23.25,23.25,22.75,23.5,23.0,24.0,23.75,23.5,25.5,26.25,23.75,23.75,23.25,23.5,23.75,24.25,24.0,25.75,26.75,24.0,23.5,23.5,24.0,23.75,23.5,23.5,25.0,24.75,23.5,23.75,25.0,24.5,22.75,23.75,23.75,22.75,23.25,23.0,25.0,25.25,26.25,23.75,23.5,23.75,23.5,23.5
15/11/2019 8:38:9
23.75,23.5,22.25,23.0,22.5,23.0,23.0,24.0,25.75,23.25,23.0,23.5,23.0,22.75,23.0,24.25,23.75,23.5,23.5,23.0,23.25,23.25,23.5,24.0,23.75,23.5,25.5,25.75,24.0,23.0,23.75,22.75,23.75,23.75,23.75,25.75,26.75,23.75,23.25,23.75,24.5,24.0,23.75,23.75,25.25,25.75,24.0,23.75,25.25,24.0,23.75,24.5,23.75,23.25,23.5,23.0,24.75,25.5,25.75,24.25,23.75,23.5,23.25,24.0
15/11/2019 8:43:23
23.5,24.0,23.0,23.25,23.0,23.25,23.5,24.25,26.25,23.5,23.75,23.25,23.5,23.25,23.75,24.25,24.25,23.25,23.5,23.75,23.25,23.75,23.5,24.0,24.25,23.75,25.25,26.0,23.75,23.5,23.25,23.0,24.0,23.75,24.75,26.5,26.75,24.0,23.75,24.25,24.25,24.25,24.25,23.5,25.5,25.25,23.5,24.25,25.5,24.5,23.5,23.75,23.75,23.5,23.5,23.75,25.25,24.5,25.75,23.5,23.25,23.0,23.25,22.75
15/11/2019 8:48:36
23.5,23.5,23.0,23.0,22.75,23.25,23.5,24.5,26.5,23.75,23.5,23.25,23.0,23.0,23.25,24.0,23.5,23.75,23.75,23.5,23.5,24.0,23.5,23.75,24.25,23.5,25.75,26.0,24.0,23.75,23.25,23.25,24.5,24.0,24.0,26.25,27.0,23.75,23.25,23.5,24.0,24.75,24.25,24.0,25.0,25.25,23.5,23.75,25.25,24.5,23.5,24.0,23.75,23.5,23.25,24.0,25.0,25.5,26.25,23.75,23.75,23.25,23.25,23.75
15/11/2019 8:53:50
23.5,24.0,23.0,23.0,22.75,23.25,23.25,24.25,26.5,23.5,23.0,23.25,23.5,23.5,23.25,24.5,23.75,23.75,24.0,23.25,23.5,23.25,23.5,24.25,23.75,23.75,25.25,26.25,23.75,23.25,23.0,24.0,23.5,24.25,23.75,26.5,26.75,24.25,23.0,24.25,24.0,24.5,24.5,23.75,25.25,25.5,24.25,24.25,25.25,24.5,23.75,23.75,24.0,23.5,23.25,24.0,25.25,26.0,25.5,24.5,24.0,23.75,24.0,24.25
15/11/2019 8:59:4
23.5,23.75,23.25,23.0,23.25,22.75,23.25,24.0,26.0,23.75,23.75,23.75,23.0,23.25,23.5,24.75,24.5,23.25,24.0,23.25,23.75,23.5,23.5,23.75,23.5,24.0,25.5,26.75,23.5,23.75,23.5,23.75,24.0,24.0,24.0,26.0,26.75,23.5,23.5,23.25,24.25,24.25,24.25,23.5,25.0,25.25,23.25,23.75,25.0,24.0,23.25,23.75,23.5,23.25,23.5,23.75,24.25,25.25,26.0,24.5,23.25,23.5,23.25,23.5
15/11/2019 9:4:17
23.5,23.75,23.25,23.5,23.0,23.25,23.5,24.0,26.25,24.25,23.0,23.75,23.75,23.5,23.5,24.5,23.25,23.75,23.75,23.25,23.5,23.5,23.75,24.0,24.0,24.0,25.25,26.25,23.75,23.25,23.25,23.5,24.0,23.75,23.75,26.0,26.75,23.5,23.0,23.5,24.0,24.0,24.0,23.5,25.0,25.25,23.5,23.75,25.25,24.25,23.0,24.25,23.25,23.25,23.25,23.25,24.75,24.75,25.5,23.75,23.75,23.0,23.25,23.0
15/11/2019 9:9:31
23.25,23.25,22.5,23.25,23.25,23.25,23.25,23.75,26.0,24.0,23.5,23.25,23.0,23.25,23.5,24.5,23.5,23.25,23.5,23.25,23.25,23.25,23.25,23.5,24.0,23.75,25.5,26.25,23.75,23.25,23.75,23.25,23.75,24.25,23.5,26.25,26.75,23.75,23.0,23.5,24.75,24.0,23.75,23.75,25.5,25.25,23.75,23.25,25.25,24.25,23.5,23.75,23.75,24.0,24.25,23.5,25.25,25.0,26.0,24.0,24.0,23.75,23.0,22.5
15/11/2019 9:14:45
23.25,23.5,22.75,23.25,23.0,23.25,23.0,23.75,26.0,23.75,23.25,23.0,23.0,23.25,23.25,24.0,23.75,23.5,23.5,23.5,23.25,23.25,23.25,23.5,24.25,23.5,25.5,26.25,23.75,23.25,23.25,22.75,24.0,23.5,23.5,26.0,26.5,23.75,23.5,23.5,24.25,24.25,23.75,23.75,25.25,25.0,23.75,23.75,24.75,24.25,23.5,23.75,24.0,23.5,23.75,23.75,25.0,25.0,25.75,24.0,23.75,23.25,23.5,23.5
15/11/2019 9:19:58
24.0,23.25,22.75,23.25,22.5,22.75,23.25,24.0,26.0,23.5,23.25,23.75,23.75,23.25,23.75,24.25,24.0,23.5,24.0,23.25,23.5,23.5,23.25,23.75,23.75,24.0,25.0,26.25,23.75,23.25,23.25,23.5,24.0,23.75,23.75,26.5,27.0,24.0,23.5,23.25,23.75,24.25,24.0,23.75,24.75,25.25,23.25,23.75,24.5,24.75,24.0,23.75,24.0,23.75,23.5,24.0,24.75,25.25,25.75,24.25,23.5,23.5,23.25,23.5
15/11/2019 9:25:12
23.0,24.0,22.75,23.0,23.0,23.5,22.75,24.25,26.0,23.75,23.75,23.75,24.0,23.25,23.25,24.75,24.0,23.75,24.25,23.25,23.75,23.0,23.5,24.25,24.25,24.25,25.75,26.25,23.75,23.25,23.75,23.5,24.0,23.75,24.0,26.5,27.0,24.25,23.75,23.75,24.5,24.25,24.25,24.0,25.25,25.0,23.5,23.75,25.5,24.5,23.5,23.5,23.75,23.75,23.5,24.25,25.0,25.5,26.0,24.25,24.25,23.25,23.75,23.75
15/11/2019 9:30:26
24.25,24.25,23.25,23.0,23.0,23.0,23.5,23.5,26.75,23.75,23.5,23.5,23.25,23.25,23.75,24.0,24.25,23.5,23.5,23.5,24.0,23.5,23.25,24.0,24.5,23.75,25.75,26.25,23.5,24.0,23.25,23.5,23.75,24.5,23.75,26.5,26.5,23.75,23.5,23.0,24.25,24.5,24.25,23.75,25.5,25.5,23.5,24.0,25.0,24.5,23.5,23.5,23.0,23.5,23.25,23.75,24.75,25.25,25.75,24.0,23.5,23.25,22.5,22.5
15/11/2019 9:35:39
24.25,23.75,23.25,23.75,23.25,23.5,23.75,24.25,26.25,24.0,23.75,23.25,23.25,24.0,23.25,24.25,24.0,23.5,23.5,23.25,23.5,23.5,23.5,23.75,24.0,24.0,25.5,26.25,23.5,23.75,23.5,23.25,23.75,23.75,24.0,26.25,26.75,24.25,23.25,23.5,23.75,24.5,24.0,23.5,25.0,25.5,23.75,23.75,25.25,25.0,23.75,23.75,23.5,23.75,23.75,23.5,25.0,25.75,26.0,23.75,23.75,23.5,23.75,23.25
15/11/2019 9:40:53
23.75,24.0,23.25,23.25,23.0,23.5,24.0,24.25,26.25,24.5,23.5,23.5,23.5,24.0,23.5,24.75,24.0,24.0,23.75,23.75,24.0,24.0,23.5,23.75,24.0,23.5,26.0,26.5,24.0,23.75,23.25,23.75,24.0,23.5,24.0,26.75,26.5,24.0,23.75,23.75,24.5,23.75,24.0,23.75,25.5,25.5,23.5,24.0,25.25,24.75,23.5,23.75,23.5,23.5,23.5,24.0,24.5,25.5,26.5,24.0,23.5,23.5,24.0,23.75
15/11/2019 9:46:7
23.5,23.75,22.5,23.5,23.0,23.75,23.75,24.5,26.25,24.0,23.75,23.75,23.5,23.75,23.75,24.0,23.75,23.5,24.0,23.25,23.0,23.5,22.75,24.0,23.5,24.25,25.5,25.75,23.5,23.5,23.5,23.5,24.25,23.75,24.0,26.0,27.0,24.0,23.5,23.75,23.75,24.0,23.75,24.0,25.25,25.25,23.75,23.75,24.75,24.75,23.5,24.0,23.25,23.5,23.75,23.5,25.0,25.25,25.5,24.25,24.0,23.75,23.5,23.75
15/11/2019 9:51:20
23.75,23.75,23.0,23.25,22.75,23.75,23.5,24.5,26.75,23.5,23.75,23.75,23.5,23.25,23.5,24.5,24.0,24.25,23.5,23.75,23.5,23.5,23.0,24.25,23.5,23.75,25.25,26.5,23.75,23.25,23.5,23.5,24.0,23.75,24.0,26.5,27.0,23.75,23.25,24.5,24.75,23.75,24.5,23.75,25.5,25.25,23.5,23.75,25.5,24.5,23.75,24.0,23.75,23.75,23.25,24.0,25.0,25.5,26.5,24.25,23.75,23.0,23.75,23.0
15/11/2019 9:56:34
23.75,23.75,23.25,23.5,23.25,23.25,23.75,24.0,26.5,23.75,23.5,23.5,23.25,23.5,23.75,24.25,24.25,23.25,24.0,23.75,23.5,23.75,23.25,24.0,24.0,23.75,25.75,26.25,23.75,23.5,23.5,23.25,23.75,24.0,23.75,26.0,26.75,24.0,23.25,24.0,23.75,24.0,23.5,24.0,25.25,25.25,23.75,25.0,25.0,24.25,23.0,23.5,24.0,22.75,23.25,23.75,25.0,25.5,25.75,24.25,24.0,23.5,23.75,23.25
15/11/2019 10:1:48
23.5,24.0,23.0,23.25,23.25,23.0,23.5,23.5,26.5,24.0,23.5,23.25,23.75,23.5,23.25,24.5,24.0,24.0,23.5,23.75,23.5,23.5,23.75,23.75,23.5,24.0,25.5,26.25,24.0,23.75,23.25,23.75,23.75,24.0,23.75,26.25,26.75,24.0,23.5,23.5,24.5,24.0,23.75,23.5,25.25,25.0,24.0,23.75,25.25,24.75,23.75,23.25,24.0,23.5,23.5,23.5,24.75,25.75,25.75,24.5,23.25,23.75,23.0,23.75
15/11/2019 10:7:1
23.5,24.0,22.75,24.0,23.5,23.5,23.25,24.25,26.25,23.75,23.5,23.5,23.5,23.25,23.25,24.25,24.25,24.0,24.25,23.5,23.0,23.5,23.5,23.75,24.25,23.75,26.25,26.0,23.75,23.25,23.5,23.25,24.0,24.0,23.5,26.0,26.75,24.0,23.25,23.0,24.5,24.5,24.5,23.5,25.25,25.25,24.0,23.75,25.25,24.25,23.5,24.0,23.5,23.75,23.0,23.75,25.25,25.0,25.25,24.5,23.75,23.25,23.75,23.75
15/11/2019 10:12:15
23.75,23.5,22.75,23.0,23.0,23.25,23.75,24.0,26.5,23.75,23.0,23.25,23.0,23.25,23.5,24.0,24.0,23.5,23.75,23.5,23.75,23.5,23.5,23.5,23.75,24.25,25.25,26.25,23.5,23.75,23.75,23.75,24.0,23.75,24.0,26.0,27.0,24.25,23.25,23.75,23.5,23.75,23.5,23.5,25.25,25.0,23.75,23.25,25.25,24.5,23.75,23.5,24.0,23.75,23.75,23.75,24.75,25.5,26.0,24.0,24.5,23.75,23.25,23.75
15/11/2019 10:17:28
24.0,23.5,23.5,23.5,23.25,23.0,24.0,24.0,26.25,23.5,23.5,23.75,23.75,23.5,23.25,23.75,24.25,23.25,24.0,23.5,23.0,23.5,23.5,24.25,23.75,24.0,25.5,26.25,23.5,23.75,23.25,23.75,24.25,24.0,23.75,26.0,26.75,24.0,23.0,23.5,24.5,24.0,23.5,23.75,25.5,25.5,23.75,24.0,25.5,24.5,23.5,23.5,23.75,23.5,23.75,23.5,24.5,25.25,25.5,24.0,23.75,23.5,23.5,23.75
15/11/2019 10:22:42
23.0,23.75,22.75,23.5,23.0,23.0,23.25,24.5,26.25,23.5,23.25,23.25,22.75,23.5,23.0,24.25,23.75,23.5,23.5,23.25,23.5,23.25,23.5,23.5,23.75,23.25,25.25,26.25,23.75,23.5,23.5,23.0,23.5,23.75,23.5,25.5,26.75,23.75,23.25,23.25,24.0,24.25,23.75,24.0,25.0,25.25,23.75,24.0,25.25,24.25,23.75,23.5,23.5,23.0,23.5,23.5,24.75,25.0,26.5,24.5,23.0,22.75,23.25,23.25
15/11/2019 10:27:56
24.0,24.0,22.75,23.5,23.25,23.0,22.75,24.0,26.5,23.75,23.75,23.75,23.75,23.75,23.25,23.75,23.5,23.25,23.5,23.0,23.5,23.25,23.25,23.5,23.75,24.0,25.25,26.5,23.5,23.5,23.5,23.5,23.5,23.75,24.25,26.5,27.25,24.0,23.5,23.5,24.0,24.25,24.25,23.25,25.25,25.0,23.25,23.0,25.5,24.75,23.25,23.5,23.75,23.5,23.75,24.25,24.5,25.25,26.0,24.75,23.5,23.25,23.25,23.25
15/11/2019 10:33:9
23.75,23.25,22.5,23.0,23.0,22.75,23.0,24.0,26.0,24.0,23.5,23.5,23.5,23.5,23.0,24.5,23.5,23.0,23.5,23.0,23.5,23.25,23.5,23.5,23.25,23.75,25.25,26.5,23.5,24.0,23.25,23.0,23.25,23.75,23.75,26.75,26.25,23.75,23.25,23.25,24.25,24.25,24.0,23.5,25.25,25.0,23.25,23.75,25.5,24.75,23.25,23.75,23.75,23.75,23.25,23.75,25.25,25.5,25.75,24.75,23.75,23.5,22.75,23.5
15/11/2019 10:38:23
23.5,23.5,23.25,23.75,23.0,23.75,23.0,24.0,26.0,24.0,23.75,23.75,23.25,22.75,23.25,24.25,24.0,23.0,23.75,23.5,23.25,23.25,23.25,23.75,24.0,24.0,25.25,26.25,24.0,22.75,23.5,23.25,23.25,24.0,24.0,26.5,26.75,24.0,23.0,23.5,24.0,24.0,23.75,24.0,25.0,25.25,23.25,24.0,25.0,24.75,23.75,23.75,23.75,24.0,23.75,24.25,24.75,25.75,25.25,24.5,23.5,23.75,23.0,22.5
15/11/2019 10:43:37
24.5,23.75,23.0,23.25,23.25,23.0,23.5,24.0,26.25,24.0,23.5,23.5,23.0,23.5,23.5,24.75,24.0,23.75,23.75,23.5,23.25,23.75,23.25,23.75,23.75,24.0,25.75,26.0,23.5,23.25,23.5,23.25,24.0,23.75,23.25,26.0,27.0,23.5,23.0,23.25,24.25,24.25,23.75,23.75,25.0,25.0,23.5,23.75,25.0,25.0,23.25,23.75,23.5,23.5,23.25,23.5,24.75,25.0,26.25,24.5,23.5,24.0,23.25,23.5
15/11/2019 10:48:50
23.25,23.5,23.0,22.75,22.75,23.25,23.25,24.0,26.25,23.25,23.5,23.5,23.25,23.5,23.0,24.25,23.75,23.75,23.5,23.25,23.25,24.0,23.25,23.75,24.0,23.75,25.5,26.0,23.75,23.25,23.25,23.0,23.75,23.75,23.75,26.5,27.0,24.0,23.5,23.25,23.75,23.75,23.5,23.5,25.25,25.0,24.0,23.75,24.75,24.5,23.5,23.25,23.0,23.5,24.25,24.0,25.0,25.0,25.75,24.25,23.75,23.5,23.5,23.75
15/11/2019 10:54:4
23.75,23.75,23.0,23.5,23.25,23.75,23.5,23.75,25.5,23.75,23.0,23.75,23.25,23.0,23.5,23.75,23.5,23.75,23.5,23.5,23.5,23.5,23.5,24.0,24.25,23.75,25.75,26.5,24.0,23.75,23.5,23.5,24.0,23.75,23.75,26.25,26.75,23.75,23.0,23.5,24.25,23.5,24.0,23.75,25.25,25.5,23.5,24.0,25.25,24.75,23.5,23.5,23.75,23.25,23.5,23.25,24.5,25.5,26.0,24.25,23.75,23.5,23.0,23.5
15/11/2019 10:59:18
23.5,23.5,22.5,23.0,23.25,23.25,23.5,23.75,26.25,24.0,23.25,23.5,23.0,23.25,23.75,24.25,23.75,23.75,23.5,23.5,23.75,23.25,23.25,23.75,23.75,23.5,25.75,26.0,23.5,23.25,23.25,23.5,24.0,23.5,23.5,26.25,26.75,23.75,23.25,23.25,24.5,24.25,23.75,23.25,25.25,25.0,23.5,23.0,25.25,24.25,23.5,24.0,23.75,23.25,24.0,23.75,24.5,24.75,26.0,23.75,23.75,23.0,23.0,22.75
15/11/2019 11:4:31
23.5,23.5,22.25,23.0,23.5,22.75,23.0,24.0,25.75,23.25,23.5,23.5,23.5,23.25,23.5,23.75,24.5,23.5,24.0,23.75,23.5,24.0,23.5,24.0,23.5,23.75,25.25,26.25,23.5,23.5,24.0,23.25,23.5,23.25,23.75,26.25,27.25,23.75,23.5,24.0,24.0,24.0,23.75,23.5,25.25,25.25,23.25,23.25,24.75,24.5,23.5,23.25,23.5,23.5,23.75,24.0,25.0,25.0,25.75,23.75,24.0,23.0,23.25,23.25
15/11/2019 11:9:45
23.5,23.25,22.5,22.75,23.0,23.25,23.25,24.0,25.75,24.25,23.25,23.25,23.0,23.25,23.5,23.75,23.75,23.5,23.25,23.0,23.5,23.5,23.0,23.75,23.5,24.0,24.75,26.25,23.5,23.25,23.25,23.25,23.75,23.5,23.75,26.0,27.25,23.75,23.0,23.0,24.0,23.75,24.0,23.25,25.0,25.0,23.25,23.0,24.75,24.5,23.25,23.25,23.75,23.25,23.5,23.75,25.0,24.75,25.5,23.75,23.25,23.0,22.75,23.5
15/11/2019 11:14:59
23.75,23.5,23.0,23.0,22.75,23.25,23.5,23.75,26.0,24.0,23.25,23.25,23.0,23.0,23.25,24.25,24.0,23.25,23.75,23.25,23.0,23.25,23.25,23.5,23.75,24.0,25.75,26.0,23.75,23.5,23.75,23.25,23.5,23.75,23.75,26.75,26.5,23.75,23.0,23.0,23.75,24.25,24.0,23.5,25.25,25.5,23.5,24.25,25.0,24.75,23.5,23.75,23.5,23.5,23.25,23.75,24.75,25.25,25.5,24.0,23.25,22.75,23.5,23.5
15/11/2019 11:20:12
24.0,23.0,23.0,22.75,23.25,23.0,22.75,24.25,26.25,24.0,23.25,23.25,23.5,23.25,22.75,23.75,23.5,24.0,23.5,23.25,23.5,23.75,23.25,23.5,23.75,23.5,25.5,26.25,23.5,23.0,23.0,23.25,23.75,23.75,23.25,25.75,26.5,23.25,23.0,23.0,24.25,24.0,24.0,24.0,25.0,25.0,24.0,23.75,25.0,24.5,23.5,23.25,23.5,23.5,23.5,23.5,24.75,25.25,26.25,24.25,23.5,23.25,23.25,22.75
15/11/2019 11:25:26
23.25,23.5,22.5,23.25,23.0,23.0,23.25,23.75,26.25,23.5,23.5,23.5,23.25,23.5,23.25,24.25,24.25,23.25,23.75,23.25,23.5,23.5,23.25,23.5,24.0,23.75,25.25,26.0,24.0,23.5,23.75,23.25,23.5,23.75,24.0,26.25,27.25,23.75,23.5,23.25,23.5,24.0,23.75,23.25,25.25,25.25,23.0,24.0,25.25,24.5,23.25,23.5,23.75,23.75,23.5,24.0,25.5,24.5,26.25,24.5,23.75,23.25,23.25,23.25
15/11/2019 11:30:40
22.75,23.5,22.75,23.25,22.5,23.5,23.25,24.5,26.25,24.0,22.75,23.5,23.25,23.5,23.5,23.75,23.75,23.25,23.75,23.5,23.25,23.0,23.5,23.75,23.5,23.25,25.0,26.25,23.5,23.5,23.0,23.25,23.5,23.25,23.25,26.0,26.5,23.75,23.0,23.5,24.0,23.5,24.5,23.5,25.25,24.75,23.25,23.0,24.75,23.75,23.0,23.25,23.25,23.25,23.75,24.0,24.5,25.5,25.5,24.75,23.75,23.75,23.25,24.25
15/11/2019 11:35:53
23.25,23.5,22.75,23.25,22.5,23.25,23.25,24.0,25.5,23.25,23.25,23.0,23.0,22.75,23.25,24.0,23.5,23.5,23.75,23.25,23.5,23.5,23.5,23.25,23.75,23.75,25.0,25.5,23.75,23.75,23.5,23.5,23.75,23.75,24.0,25.25,25.75,23.75,23.25,23.25,23.75,23.75,24.0,23.5,25.0,24.5,23.0,23.5,25.5,23.5,23.5,23.5,23.75,23.25,24.0,23.5,24.5,25.0,25.0,24.25,22.75,23.5,23.25,23.5
15/11/2019 11:41:7
23.0,23.75,22.75,23.25,22.5,22.75,23.75,24.0,25.0,23.75,23.5,23.0,23.5,23.5,23.25,24.0,23.25,23.5,23.5,23.25,23.5,23.5,23.0,24.0,23.5,23.75,24.5,25.0,23.75,23.25,23.5,23.25,24.0,23.5,23.75,25.0,25.5,23.5,22.75,23.5,23.75,23.75,23.75,23.5,24.25,24.5,23.0,23.75,24.0,23.75,23.25,23.75,23.5,23.75,23.25,23.25,24.75,24.25,24.75,24.0,23.5,23.75,23.75,23.25
15/11/2019 11:46:20
22.75,23.5,22.25,22.25,23.0,23.25,23.0,23.5,24.0,23.0,23.0,23.5,23.0,23.5,23.75,24.0,24.0,23.0,23.5,23.0,23.5,23.75,23.25,24.0,23.75,23.5,24.25,24.25,23.25,23.25,22.75,23.25,24.0,23.5,23.25,24.75,25.25,23.5,23.25,23.5,23.75,24.0,23.25,23.0,24.5,24.0,23.0,24.0,24.5,23.75,23.5,23.0,23.25,23.0,23.5,23.0,24.25,23.75,24.5,23.75,23.0,23.0,23.0,23.25
15/11/2019 11:51:34
23.25,23.75,22.25,23.25,22.5,22.75,22.75,23.75,24.0,23.5,23.25,23.0,23.0,23.0,23.0,23.25,24.0,23.0,23.25,23.0,22.75,23.0,23.25,23.75,23.0,23.75,23.25,24.0,22.75,22.75,23.0,23.25,23.25,23.0,23.0,24.0,24.5,23.0,23.0,23.0,24.0,23.75,23.5,23.5,23.75,24.0,22.5,23.25,24.5,23.25,23.25,22.75,23.25,22.75,24.0,23.25,23.5,24.25,24.0,23.75,22.5,23.0,23.0,23.5
15/11/2019 11:56:48
23.25,23.5,22.5,22.75,23.25,22.75,23.25,24.0,23.75,23.0,22.75,23.5,23.0,23.0,23.5,23.75,23.5,23.0,23.25,23.0,23.25,23.5,22.75,24.0,23.75,23.5,23.75,24.0,23.25,23.25,23.0,23.0,23.25,23.5,23.25,24.5,24.5,23.0,22.75,23.5,23.5,23.75,23.25,23.0,23.75,24.25,23.25,24.0,24.5,23.5,23.25,23.0,23.5,23.25,22.75,24.0,24.25,24.0,24.0,23.75,23.25,23.25,22.75,23.0
15/11/2019 12:2:1
23.5,23.25,22.25,23.0,23.0,23.25,22.5,24.0,23.0,23.5,22.75,23.25,22.75,23.0,22.5,23.5,23.0,23.0,23.25,22.75,23.0,23.0,22.75,23.0,22.5,23.5,23.5,23.75,22.75,22.5,23.0,23.0,23.75,22.75,23.25,23.5,24.25,22.75,22.75,22.75,23.5,24.0,23.0,23.25,23.5,23.5,23.0,23.0,24.0,23.25,23.0,23.25,23.25,23.0,23.25,23.5,23.75,23.5,23.25,23.5,22.5,23.0,23.25,23.0
15/11/2019 12:7:15
23.25,22.75,22.5,23.5,22.5,23.0,23.0,23.5,23.5,23.25,23.25,23.25,22.75,22.75,23.5,23.25,23.25,23.25,23.0,23.0,23.25,23.0,23.0,22.75,23.25,23.5,23.25,24.25,23.25,23.0,22.75,23.0,23.5,23.25,23.0,24.0,23.75,23.25,22.5,23.25,24.0,23.25,23.5,23.0,23.5,23.75,23.0,23.5,24.0,23.25,23.5,23.25,23.0,23.25,23.25,23.5,23.75,23.75,24.0,23.25,22.75,23.0,22.75,22.75
15/11/2019 12:12:29
23.0,22.75,22.5,23.0,23.25,22.5,23.0,23.5,23.5,23.5,22.5,23.0,22.75,23.0,22.75,23.75,23.5,22.75,23.25,22.5,22.75,23.0,22.75,22.75,23.0,23.0,23.25,23.75,23.0,23.25,22.5,22.75,23.75,23.0,23.0,23.75,23.5,22.75,22.25,23.25,23.75,23.75,23.0,22.75,23.75,23.25,23.0,23.0,24.0,23.25,23.5,23.0,22.5,23.0,22.75,23.0,24.0,24.0,24.25,23.0,22.75,22.5,23.0,22.75
15/11/2019 12:17:42
22.5,22.75,22.0,22.5,22.25,22.5,22.25,23.25,23.5,22.0,22.5,22.5,23.0,22.5,22.5,22.75,23.0,22.75,22.75,22.75,22.5,23.0,22.25,23.25,22.75,22.75,22.75,23.25,22.75,22.5,22.25,22.5,23.0,23.0,22.75,23.0,23.5,22.75,22.75,23.0,23.5,23.25,23.0,23.25,23.25,23.25,22.5,23.5,23.75,22.75,22.5,22.5,22.75,22.5,22.75,22.75,23.5,23.0,23.75,23.5,22.75,23.0,23.25,22.5
15/11/2019 12:22:56
23.0,22.25,22.0,22.25,22.75,22.0,22.5,23.0,23.0,22.75,22.5,22.75,22.5,22.75,22.75,22.75,23.5,22.75,22.75,22.5,23.0,22.25,22.75,22.5,23.25,23.25,22.75,22.75,23.0,22.5,23.0,22.25,23.5,22.5,22.5,23.25,23.5,22.0,22.25,22.75,23.75,23.25,23.5,22.75,23.25,23.25,22.5,22.75,24.0,22.5,22.75,22.75,22.5,22.5,22.5,23.0,23.0,22.75,23.25,22.75,22.75,21.75,22.0,22.5
15/11/2019 12:28:10
22.25,23.0,21.75,22.25,22.5,22.5,22.75,23.75,23.25,22.75,22.5,22.75,22.75,22.75,23.0,23.25,22.75,22.5,22.75,22.75,22.75,23.0,22.25,23.5,23.75,23.5,23.0,23.0,23.0,23.0,22.75,22.5,22.5,23.0,22.75,23.0,23.5,22.5,22.5,23.0,23.5,23.0,23.0,22.5,23.5,23.0,22.5,23.0,23.75,23.25,22.75,23.5,23.0,22.75,23.0,23.5,23.5,22.75,23.25,23.25,23.25,22.25,22.75,22.75
15/11/2019 12:33:23
22.5,22.75,22.0,22.25,22.5,22.5,23.0,23.5,23.0,23.0,22.0,22.75,22.0,22.75,22.75,23.25,22.75,22.5,22.75,22.5,22.75,22.75,22.5,23.0,23.5,22.5,23.0,22.75,23.0,22.75,22.5,23.0,22.5,23.25,22.5,23.0,23.25,22.75,22.0,23.25,23.75,23.25,23.0,22.5,23.25,23.5,23.25,23.25,23.5,22.75,22.75,22.75,22.25,22.5,23.0,23.25,23.5,23.25,23.75,22.75,22.75,23.0,22.75,23.25
15/11/2019 12:38:37
22.75,23.0,22.0,22.5,22.25,22.5,22.75,23.5,22.75,23.0,22.5,22.75,22.25,22.5,22.25,23.0,22.75,22.5,23.0,23.0,22.25,22.75,22.25,23.0,23.0,22.75,22.75,23.25,22.75,22.25,22.75,23.0,22.75,22.5,22.75,23.5,23.75,22.5,22.25,23.0,22.75,23.25,23.0,22.5,23.0,22.75,22.25,23.25,23.75,23.25,22.5,22.75,22.75,22.75,22.75,22.75,23.5,22.75,23.25,23.5,23.0,22.5,22.5,22.5
15/11/2019 12:43:50
22.5,23.0,22.25,23.0,22.75,23.0,23.5,24.25,24.5,24.0,23.0,23.75,23.0,23.5,23.5,23.5,23.25,23.5,23.5,23.25,23.0,23.5,23.0,23.75,23.5,23.5,24.5,25.0,23.25,23.25,23.25,23.25,23.25,23.5,23.25,24.5,24.5,23.25,23.0,23.5,24.5,23.5,24.25,23.25,24.25,24.25,23.25,24.25,24.25,24.0,23.0,23.25,23.25,23.25,23.5,23.5,23.75,24.5,24.25,23.75,23.25,23.25,23.0,22.75
15/11/2019 12:49:4
22.25,23.25,21.75,22.5,22.25,22.5,22.0,23.75,24.0,22.75,22.5,22.5,22.25,22.75,22.5,23.5,23.25,23.25,23.0,22.5,23.0,23.0,22.75,23.25,23.25,23.0,23.25,24.0,22.75,23.25,22.5,23.0,23.0,23.25,23.0,23.75,24.25,22.75,22.5,23.25,23.25,23.25,23.25,22.75,23.75,23.5,23.0,22.75,23.75,22.75,22.5,22.75,22.0,22.75,23.0,22.75,24.0,23.75,24.5,23.25,23.0,23.0,23.0,22.75
15/11/2019 12:54:18
22.5,22.75,22.0,22.5,22.25,22.0,22.25,23.5,23.0,22.75,22.5,22.5,22.25,22.25,22.5,23.25,23.0,22.25,23.0,22.5,22.75,23.0,22.25,23.0,22.75,23.25,23.25,24.0,22.5,23.0,22.5,22.75,22.75,22.5,22.5,23.5,23.5,22.0,22.25,23.25,23.5,23.0,22.75,22.75,23.0,23.5,22.25,23.0,23.75,23.25,22.5,22.5,22.5,22.0,23.0,23.0,23.5,24.25,23.0,23.25,23.0,23.0,22.75,22.75
15/11/2019 12:59:32
22.5,22.25,22.0,22.5,22.5,22.25,22.5,23.0,23.75,22.5,22.5,22.5,22.5,22.75,22.25,22.75,22.5,22.5,22.75,22.5,22.5,22.5,22.25,22.75,22.75,22.75,23.5,23.5,22.75,23.0,22.5,22.25,22.5,23.0,22.75,23.5,23.5,22.75,23.0,23.0,23.25,23.25,23.25,22.25,23.5,23.25,22.5,22.75,23.5,23.25,22.5,23.0,23.0,23.0,23.0,23.0,23.5,23.75,23.25,23.0,22.25,22.75,23.0,22.5
15/11/2019 13:4:45
22.5,23.0,22.0,22.75,22.5,22.5,22.5,23.25,23.25,23.0,22.75,22.75,22.5,22.75,22.5,23.5,22.75,22.75,22.75,22.5,22.75,23.25,22.75,23.5,23.0,22.75,23.5,23.5,22.75,22.75,23.0,22.5,23.0,23.5,22.75,23.5,23.5,22.75,22.75,23.0,23.75,23.5,22.75,23.0,23.25,23.75,22.75,23.75,24.0,22.75,22.75,23.25,23.0,22.75,22.25,22.75,24.0,23.75,23.5,23.25,23.0,22.5,23.0,22.75
15/11/2019 13:9:59
22.5,22.75,22.0,22.75,21.75,22.25,22.0,23.25,22.5,22.75,22.5,23.0,22.5,22.75,22.75,23.25,23.25,22.25,22.75,22.5,22.75,22.75,22.5,23.0,22.75,22.75,23.25,23.5,23.0,23.25,22.75,22.5,22.75,23.0,22.75,23.0,23.75,22.5,22.75,22.75,22.75,23.25,23.25,22.75,23.5,23.25,22.75,23.25,23.75,23.25,22.5,23.25,22.75,22.5,23.0,23.0,23.75,23.75,23.5,23.25,22.25,22.5,22.75,23.25
15/11/2019 13:15:13
22.25,23.0,22.0,22.75,22.5,22.25,23.0,23.25,23.0,23.0,22.5,22.75,22.5,22.5,22.5,23.25,22.75,22.5,23.25,22.75,23.25,22.5,23.0,22.75,23.5,23.25,23.0,23.25,23.0,22.5,22.5,22.5,23.0,22.5,22.75,23.0,23.0,22.75,22.25,23.0,23.75,23.0,23.25,22.5,23.25,23.0,22.5,23.75,23.5,23.0,22.75,22.75,22.5,22.5,22.25,23.25,23.0,23.25,23.0,22.75,22.25,22.5,22.5,22.75
15/11/2019 13:20:26
22.75,22.25,22.0,22.75,22.5,22.75,22.5,23.25,23.0,23.0,22.5,23.0,22.25,22.75,22.25,23.25,22.75,23.25,23.0,22.75,23.0,23.0,22.75,23.25,23.25,23.25,23.25,23.25,23.0,22.75,23.0,22.5,23.25,23.0,22.75,23.75,23.25,23.0,22.75,23.25,23.75,23.5,23.25,22.75,23.75,23.25,23.0,23.5,23.5,23.0,22.5,22.75,22.75,22.75,22.25,23.0,24.0,23.0,22.75,22.75,22.75,22.5,22.5,22.75
15/11/2019 13:25:40
22.5,23.0,22.0,22.5,22.75,22.75,22.5,23.0,23.0,22.25,22.75,22.5,22.5,22.75,22.25,23.0,22.75,22.75,23.0,22.25,22.75,23.0,22.5,23.0,23.0,22.75,22.5,23.25,23.0,23.0,22.75,22.5,23.0,22.75,22.5,23.0,23.5,22.5,22.0,22.5,23.25,23.25,23.25,22.75,23.25,22.75,22.25,23.25,23.0,23.0,22.75,23.0,22.5,22.5,22.5,23.25,23.75,23.0,23.5,23.5,23.25,22.5,22.75,22.5
15/11/2019 13:30:53
22.0,23.0,21.75,22.5,22.5,22.5,22.5,23.25,22.75,22.75,22.5,22.25,22.5,22.5,22.5,23.0,22.25,23.0,22.75,22.25,22.75,22.75,22.5,23.25,22.5,22.75,22.75,22.75,23.0,22.75,23.25,22.25,22.75,22.75,22.5,22.75,23.5,22.5,22.5,23.0,23.25,23.25,23.25,22.75,23.25,23.0,22.5,23.0,23.0,23.0,22.5,22.5,22.25,22.25,22.75,23.5,24.0,23.0,23.25,23.5,23.5,22.75,22.25,22.75
15/11/2019 13:36:7
22.25,22.75,22.0,22.75,22.75,23.0,22.25,23.75,22.75,23.25,22.5,23.25,22.25,22.75,23.0,23.0,22.75,22.5,22.5,22.75,23.0,23.25,22.0,22.5,23.5,22.75,23.0,23.0,22.5,22.5,23.0,22.25,22.75,22.75,22.25,23.0,23.5,22.5,22.0,23.25,23.25,22.75,23.25,22.75,23.0,23.75,22.25,23.75,23.25,23.0,22.25,23.0,22.75,22.5,22.75,23.0,23.25,23.0,23.25,23.25,22.5,22.75,22.75,22.75
15/11/2019 13:41:21
21.75,22.75,21.75,22.5,22.5,22.25,22.0,23.0,23.0,22.75,22.5,22.75,22.5,22.5,22.5,23.5,23.5,23.0,22.75,22.25,22.75,22.75,22.5,23.25,23.25,23.0,22.5,22.75,22.75,23.0,22.75,23.0,22.5,22.75,22.5,22.5,23.25,22.5,22.0,22.75,23.0,22.75,22.75,23.0,23.0,23.25,22.5,22.75,23.5,22.75,23.0,22.75,22.0,23.0,22.5,23.25,23.5,23.0,23.25,23.75,23.0,23.25,22.5,22.5
15/11/2019 13:46:35
22.25,22.5,21.75,22.0,22.5,22.75,22.75,22.75,22.75,22.75,22.75,22.25,22.25,22.25,22.25,23.0,22.0,22.5,22.75,22.5,22.75,22.75,22.75,23.25,23.25,22.75,22.5,23.5,23.0,22.75,22.75,22.5,23.0,22.75,22.25,22.75,23.25,22.75,22.25,22.75,23.5,23.25,22.75,22.25,22.75,23.25,22.75,23.5,23.5,23.25,22.75,22.75,22.75,22.75,23.0,23.5,23.5,23.25,23.0,23.25,23.25,22.75,23.25,23.5
15/11/2019 13:51:48
22.25,22.5,21.75,22.5,22.75,22.5,22.5,22.75,23.75,22.75,22.5,23.0,22.5,22.75,22.25,23.25,22.5,22.25,22.5,22.75,22.5,23.0,22.0,22.75,22.75,22.25,22.75,22.25,22.5,22.5,23.0,22.25,22.75,22.75,22.75,23.0,23.0,22.75,22.75,23.0,23.5,23.0,23.25,22.25,23.5,22.5,22.75,22.75,23.25,22.5,22.5,23.0,22.5,22.5,22.75,23.0,23.5,22.75,22.5,22.25,22.5,22.5,22.25,22.25
15/11/2019 13:57:2
22.5,22.5,21.5,22.0,22.5,22.25,22.75,23.0,22.75,23.25,22.75,22.75,22.25,22.75,22.75,23.0,23.0,22.75,22.75,22.5,23.0,23.0,22.75,22.5,23.5,23.0,23.25,23.25,23.0,22.75,23.0,22.75,23.0,22.75,22.75,23.0,22.5,22.75,22.75,23.0,23.5,22.75,23.5,22.25,23.0,23.25,23.0,23.0,23.75,22.75,22.75,23.25,22.75,22.75,22.75,23.0,23.5,23.5,23.0,23.5,22.5,23.25,22.75,23.5
15/11/2019 14:2:15
22.5,22.5,21.75,22.0,22.0,22.25,22.25,23.25,22.5,22.75,22.25,22.5,22.5,22.75,22.75,23.0,22.5,23.0,23.0,22.75,22.5,22.5,22.5,22.5,22.75,23.0,23.0,22.75,22.5,22.75,22.25,22.5,23.25,22.5,23.0,23.0,23.25,22.75,22.5,23.0,23.25,23.25,23.25,22.75,23.0,23.5,22.5,23.0,23.25,22.5,22.25,22.75,22.5,23.0,22.0,23.5,23.0,23.25,23.5,23.5,22.75,22.5,22.5,23.0
15/11/2019 14:7:29
22.25,22.25,22.0,22.0,23.0,22.25,22.25,22.75,22.5,22.25,22.75,22.75,22.25,22.25,22.75,23.0,22.5,22.25,22.5,22.25,23.0,22.5,22.25,22.75,22.25,23.0,22.5,23.0,22.25,23.0,22.75,22.75,23.0,22.75,22.25,22.25,23.0,22.25,22.5,23.0,23.0,22.75,23.25,22.5,22.75,23.0,22.5,23.25,23.25,23.0,22.75,22.5,21.75,22.5,23.0,23.25,24.25,23.0,23.0,23.25,23.0,22.5,23.25,22.75
15/11/2019 14:12:43
22.25,23.0,21.5,22.25,22.0,22.5,22.25,23.0,22.75,22.5,22.75,22.75,22.0,22.75,22.5,23.25,22.75,22.0,22.25,22.75,22.75,23.0,22.25,22.75,22.75,22.5,23.25,23.0,22.5,23.0,22.5,22.75,23.25,23.0,22.5,22.5,23.25,22.25,23.0,23.0,23.25,23.0,23.5,22.25,23.0,22.75,22.5,22.75,23.5,22.75,22.5,22.25,22.75,22.0,22.75,23.0,23.75,22.25,23.25,23.0,23.0,22.75,22.5,22.75
15/11/2019 14:17:56
22.5,23.0,22.0,22.75,22.75,22.25,22.5,23.25,23.25,22.75,22.75,23.0,22.25,23.0,23.0,23.5,23.0,22.5,23.25,22.5,23.25,22.75,22.5,22.75,22.75,23.5,22.75,23.0,22.75,23.0,22.75,23.25,22.75,22.5,22.75,22.75,23.25,22.75,22.75,22.5,23.25,23.0,22.75,22.5,23.5,23.0,22.75,23.25,23.5,22.5,23.0,22.5,22.75,22.25,23.5,22.25,24.0,23.0,23.25,23.5,22.75,22.5,22.75,22.75
15/11/2019 14:23:10
22.25,22.5,21.75,22.25,22.5,22.75,22.25,23.5,22.75,22.75,22.25,22.5,22.25,22.25,22.75,22.75,22.75,22.0,22.75,22.75,23.0,22.5,22.25,22.75,22.75,23.0,22.25,23.0,22.75,23.0,22.5,22.5,22.75,23.0,22.5,22.75,23.0,22.25,22.25,23.0,23.25,23.0,23.25,22.75,23.0,23.25,22.75,22.75,24.0,22.75,22.5,23.0,22.25,22.75,22.5,23.0,23.25,23.5,23.0,23.25,22.25,22.75,22.0,23.5
15/11/2019 14:28:24
21.75,22.5,21.5,22.5,22.0,22.25,22.5,23.25,22.5,22.5,22.0,22.25,22.5,22.75,21.75,23.25,22.5,21.75,22.5,22.0,22.75,22.5,22.25,22.5,22.5,22.75,22.5,22.75,22.75,22.5,22.75,22.25,23.25,22.75,22.25,22.75,23.0,22.25,22.75,22.75,23.0,23.25,23.0,22.5,23.0,23.25,22.25,23.0,23.5,22.75,22.75,22.5,22.75,22.25,22.5,23.25,23.75,23.0,23.25,23.25,22.75,22.0,23.5,22.0
15/11/2019 14:33:37
22.25,22.25,21.75,22.75,22.25,22.75,22.0,23.5,22.5,22.5,22.5,22.75,22.5,22.25,22.5,23.5,22.5,22.0,22.75,22.25,22.25,22.5,22.75,22.5,22.5,22.5,22.5,22.75,22.5,22.5,22.5,22.5,23.0,22.5,22.5,22.25,22.75,22.5,22.5,23.0,23.25,23.0,22.75,22.75,23.0,23.0,22.75,22.75,22.75,23.0,22.75,22.5,22.75,22.5,22.5,23.25,23.75,22.75,23.25,22.75,22.75,22.5,22.75,22.5
