19/9/2020 0:0:6
27.25,19.0,10.5,10.0,10.5,18.0,13.0,8.25,25.25,15.5,9.5,7.5,9.0,8.25,8.0,10.75,26.75,21.75,10.25,6.75,8.0,4.25,2.75,3.25,26.25,23.25,12.75,7.0,4.25,3.25,2.5,1.5,25.25,20.5,10.0,6.5,4.75,2.75,1.25,2.25,23.5,15.5,9.75,6.0,5.0,4.0,2.25,3.25,22.25,13.0,9.75,6.75,5.5,3.5,2.75,3.5,22.25,15.25,10.5,8.0,6.25,4.5,4.0,4.25
19/9/2020 0:0:24
28.0,19.25,11.5,10.25,10.0,19.0,13.5,9.25,26.5,16.25,10.25,8.5,9.5,8.5,8.75,12.0,27.25,22.5,11.0,7.75,8.25,5.0,2.75,3.5,26.75,23.75,13.75,7.0,5.0,3.25,2.75,1.75,25.25,21.0,10.5,7.25,5.0,3.25,1.75,2.0,23.75,15.5,9.75,6.75,5.75,3.75,2.25,2.75,22.0,14.25,10.0,7.25,5.5,3.25,2.5,3.75,23.0,15.25,11.0,8.25,6.5,4.75,3.75,4.0
19/9/2020 0:0:42
27.25,19.5,12.0,10.75,10.75,18.5,12.75,8.5,25.5,16.5,10.5,8.25,9.25,8.25,8.25,11.25,27.5,22.25,11.0,6.75,8.25,4.25,2.75,3.0,26.25,23.25,13.0,6.75,5.0,3.75,2.75,1.25,26.0,21.25,10.5,7.0,5.25,2.75,2.5,3.0,23.75,16.25,9.75,7.0,5.0,4.5,2.5,3.0,22.0,13.25,9.75,7.25,5.25,3.25,2.75,3.0,22.0,16.5,10.75,8.25,7.0,5.25,4.0,4.5
19/9/2020 0:1:0
27.5,20.0,11.5,10.75,10.5,18.0,12.5,8.75,25.75,16.75,10.75,8.5,9.5,8.25,8.25,11.25,27.75,22.0,10.5,6.75,8.0,4.5,3.0,3.0,26.75,22.75,13.25,7.0,4.75,3.5,2.5,2.5,25.25,20.75,10.25,6.5,5.5,3.25,2.25,2.25,24.0,16.0,10.0,7.0,5.0,3.75,2.75,2.5,22.5,13.75,10.0,7.5,5.0,4.0,3.0,2.25,21.75,15.0,10.25,8.5,6.0,5.0,4.25,3.75
19/9/2020 0:1:18
27.75,20.0,12.5,10.5,10.75,18.0,13.75,8.25,26.25,16.5,11.5,8.75,10.0,8.75,8.5,12.0,27.75,22.25,11.5,7.75,8.0,5.5,3.0,3.75,27.0,23.75,13.0,7.75,5.25,4.0,2.5,2.75,25.5,21.25,10.75,7.25,5.25,3.5,2.5,3.5,24.0,16.25,9.75,7.0,5.75,3.75,2.25,3.25,22.0,13.75,9.5,7.25,5.25,4.25,3.0,4.0,22.0,15.75,10.75,8.0,6.75,4.5,4.75,3.25
19/9/2020 0:1:35
27.25,19.5,11.75,10.25,10.5,18.5,13.25,8.5,26.25,17.0,10.5,8.25,10.0,8.5,8.75,11.25,27.25,22.75,10.75,7.0,8.25,4.75,2.75,3.0,26.75,23.25,13.25,7.25,5.25,3.5,3.0,2.75,25.5,20.75,10.5,7.0,5.5,3.5,2.5,2.75,23.75,15.5,9.75,7.0,5.0,4.0,2.0,3.5,22.0,13.75,9.75,7.5,4.75,3.75,3.0,3.25,22.25,15.25,11.5,8.5,6.0,4.75,4.0,3.25
19/9/2020 0:1:53
27.25,19.5,11.75,11.0,11.25,18.75,13.75,9.0,25.75,16.75,10.25,8.0,9.75,9.0,9.0,11.5,27.75,22.25,10.75,8.0,8.5,4.75,3.0,3.25,26.5,24.0,13.25,7.25,5.25,4.25,3.0,2.0,25.5,20.5,10.5,7.0,5.5,3.25,2.5,2.0,23.75,16.0,10.0,6.75,5.75,5.25,2.5,3.25,22.25,13.5,9.5,7.5,5.25,4.0,3.5,3.75,23.0,15.25,11.0,8.75,6.75,5.0,4.0,4.0
19/9/2020 0:2:11
27.5,19.75,12.25,10.75,10.25,18.75,13.0,8.75,25.5,16.5,10.5,8.5,9.0,8.25,8.0,11.0,26.5,21.75,11.25,7.5,8.25,4.5,2.25,3.25,26.5,23.25,12.75,7.75,5.0,4.25,2.5,2.25,25.25,20.5,10.5,7.0,5.25,3.75,2.5,2.25,24.0,16.25,9.75,6.75,5.25,4.5,3.0,2.75,22.25,13.0,9.0,7.0,6.25,3.75,3.5,3.0,22.75,15.0,11.0,8.0,6.5,4.5,4.75,3.75
19/9/2020 0:2:29
30.25,24.75,18.5,12.5,12.0,19.5,13.5,9.5,30.25,25.5,20.5,12.0,12.0,10.5,10.25,12.5,30.25,25.0,15.0,13.75,21.75,8.5,4.75,4.5,29.0,24.75,15.0,11.25,15.25,22.0,7.5,4.25,27.0,21.5,14.0,8.5,6.75,18.0,19.0,6.0,24.5,17.5,11.25,8.0,6.75,9.25,24.0,11.0,23.0,14.25,10.25,9.0,7.25,6.0,16.75,17.5,22.5,16.0,10.75,9.0,7.25,7.0,17.5,23.0
19/9/2020 0:2:47
32.5,27.25,26.0,25.75,17.5,20.5,14.5,10.5,34.0,27.5,20.25,16.75,26.75,15.0,12.0,14.0,34.5,26.0,15.5,9.25,16.0,25.75,11.25,7.25,31.5,25.5,16.0,9.25,7.75,19.0,25.75,9.0,28.0,22.0,14.25,9.25,8.0,21.5,27.75,18.5,26.0,18.25,12.25,9.0,10.25,26.75,27.75,23.0,23.25,15.0,11.5,10.0,19.25,28.0,28.5,25.25,23.5,16.25,12.0,14.25,27.25,28.75,28.5,25.0
19/9/2020 0:3:5
34.0,27.25,20.75,12.75,12.25,19.0,14.0,10.5,35.5,28.25,20.0,10.0,10.5,9.5,10.0,12.25,34.75,25.25,17.0,8.5,9.25,6.25,4.75,5.0,31.25,25.5,15.25,8.25,6.25,5.75,12.25,15.5,28.5,22.75,13.25,8.0,6.5,6.0,24.5,28.0,30.25,20.75,12.75,8.5,7.75,7.5,21.25,29.0,27.5,28.5,24.5,20.5,19.0,22.5,25.25,30.25,25.75,20.75,23.25,26.75,26.5,28.5,29.75,30.75
19/9/2020 0:3:23
34.5,28.5,22.25,13.0,12.25,19.25,14.75,9.5,36.75,30.5,22.5,10.5,11.0,10.0,10.75,13.25,37.5,27.75,17.75,9.0,9.25,6.25,5.25,5.25,33.0,27.5,16.25,9.0,7.75,5.75,5.0,4.25,29.0,23.0,14.75,8.75,7.75,9.0,12.25,7.5,26.25,18.25,13.0,9.25,8.25,23.5,28.0,23.25,24.25,15.25,11.25,9.75,8.75,23.0,30.0,29.0,23.75,16.75,12.25,10.75,9.75,12.25,29.75,30.25
19/9/2020 0:3:41
33.5,27.5,21.0,12.75,11.75,18.5,13.5,9.5,35.75,28.75,22.0,11.0,10.5,9.25,9.5,12.25,36.75,28.0,19.5,10.5,8.75,6.0,3.75,3.75,33.75,26.75,17.0,9.0,5.75,4.5,4.0,3.0,29.0,22.5,13.75,7.5,6.5,4.25,3.0,3.5,26.25,17.0,12.25,8.25,6.25,6.0,4.0,4.5,23.25,15.0,11.25,8.5,8.25,18.0,6.75,7.5,23.25,16.5,11.75,9.75,15.25,26.5,22.0,22.5
19/9/2020 0:3:59
36.25,30.0,22.5,13.25,12.75,19.25,15.0,10.5,43.25,33.25,22.75,13.5,12.0,10.75,10.75,13.0,61.75,33.75,18.0,15.25,9.75,7.25,5.5,6.5,35.0,28.0,17.25,9.75,7.5,6.5,8.25,24.25,32.5,27.75,15.0,9.25,8.25,6.25,7.75,26.5,30.5,30.75,18.75,10.5,9.75,9.5,10.0,27.25,26.5,24.5,29.75,28.75,28.0,28.5,27.0,29.75,25.75,20.5,19.0,21.5,20.5,27.5,29.5,30.5
19/9/2020 0:4:17
34.25,28.25,19.5,13.0,12.75,18.5,13.5,9.0,38.25,28.0,19.0,10.25,10.75,8.5,10.0,12.25,51.5,30.25,15.5,8.75,9.0,5.75,4.0,3.75,66.75,28.5,15.5,8.5,6.0,4.5,3.5,2.75,30.5,23.75,14.0,7.75,6.0,4.5,3.25,3.0,27.25,17.75,12.5,7.5,6.5,4.75,3.75,4.5,24.0,15.5,11.0,8.5,6.25,5.0,4.0,3.75,23.5,16.0,11.5,9.75,7.75,5.25,5.25,5.5
19/9/2020 0:4:35
34.25,27.75,17.75,11.5,10.5,18.25,13.25,9.25,38.25,26.75,16.75,9.5,9.25,9.0,9.25,11.5,42.5,27.5,13.75,7.5,8.5,5.25,3.25,3.0,39.75,26.0,14.0,7.5,5.5,4.25,3.0,2.5,28.75,22.5,13.0,7.0,5.5,3.25,2.25,1.75,25.75,17.25,11.75,7.25,5.75,4.25,3.0,3.75,24.0,14.25,10.5,7.75,5.5,4.25,4.0,4.75,22.75,16.25,11.0,8.75,6.75,5.5,11.5,6.5
19/9/2020 0:4:52
34.25,27.25,18.25,12.0,11.5,18.75,13.5,9.25,38.5,28.5,18.0,9.5,10.0,9.5,9.25,11.5,47.0,31.25,14.75,8.0,8.5,5.5,4.0,3.5,47.25,30.25,16.25,9.0,6.75,4.5,3.5,3.0,31.0,24.0,14.0,8.5,6.75,4.0,3.0,3.25,27.5,18.0,12.0,8.25,6.25,5.0,3.5,3.25,23.75,14.75,10.5,8.0,6.0,4.5,3.75,4.25,24.25,16.75,12.0,9.0,7.0,5.5,5.25,5.75
19/9/2020 0:5:10
60.25,54.0,40.0,28.25,25.5,29.5,23.5,17.75,81.25,72.75,52.25,35.5,28.75,23.5,20.25,22.75,135.0,127.75,124.0,67.25,55.0,23.75,16.25,15.5,133.0,126.0,123.25,94.25,49.0,27.0,17.5,14.75,73.75,63.25,41.75,31.75,33.0,22.25,17.0,14.75,48.75,38.75,28.5,22.5,20.0,17.5,14.25,13.0,40.0,31.5,24.25,20.5,16.25,14.75,12.25,12.0,36.5,29.25,23.0,19.0,16.75,13.5,12.75,11.25
19/9/2020 0:5:28
92.25,79.75,60.25,47.5,44.5,46.0,36.5,29.0,135.25,110.0,77.0,67.25,56.5,44.75,36.75,35.0,135.75,128.5,125.0,124.0,121.25,58.0,42.25,32.25,133.75,126.75,124.0,122.25,120.5,68.5,44.0,31.0,135.0,81.75,54.0,46.5,55.5,41.25,33.0,25.5,68.25,52.75,40.5,33.5,31.25,24.75,21.25,19.75,53.75,44.0,35.0,30.0,24.25,20.75,18.0,17.25,47.25,39.25,30.5,26.75,22.75,19.5,16.75,16.0
19/9/2020 0:5:46
109.5,95.5,73.25,64.75,59.0,57.5,43.5,34.0,140.0,132.75,100.0,115.0,83.5,60.75,44.25,39.25,137.0,129.75,126.25,125.25,122.5,79.75,43.75,36.5,135.0,128.0,125.25,123.5,113.0,72.25,44.5,32.25,109.75,78.25,68.5,55.0,47.75,36.5,35.75,28.25,69.75,55.75,45.75,38.75,33.5,28.25,24.0,21.25,55.75,45.0,37.75,32.0,27.75,23.5,20.25,18.5,48.25,40.5,32.5,29.0,24.5,20.75,18.25,16.25
19/9/2020 0:6:3
143.75,118.75,95.25001,83.75,73.75,67.0,52.25,41.75,141.25,134.0,131.5,129.75,114.5,84.00001,59.75,50.25,138.25,131.25,127.5,126.75,124.0,126.25,88.0,49.0,136.25,129.5,90.25001,84.00001,79.25,59.25,52.0,41.5,96.75,72.25,54.0,46.25,41.0,33.75,29.5,27.25,70.5,56.25,44.25,39.75,35.25,29.25,24.5,22.5,56.5,46.25,37.0,32.25,29.0,24.75,21.5,20.0,49.5,41.75,33.25,28.75,25.5,22.5,19.75,17.5
19/9/2020 0:6:21
148.5,121.5,93.5,80.5,72.75,67.5,50.75,40.25,142.75,135.75,133.0,131.25,129.5,101.0,60.75,47.25,139.75,132.75,129.0,128.25,89.00001,105.0,79.0,42.5,138.0,94.25,72.5,51.0,40.25,37.25,33.25,31.5,80.5,63.5,46.5,38.25,33.5,27.0,22.25,20.5,65.0,49.75,38.75,32.5,28.0,24.25,19.75,17.25,51.0,40.25,32.0,27.25,23.0,19.75,16.75,15.5,45.0,37.5,29.5,25.25,21.25,18.25,15.5,13.25
19/9/2020 0:6:39
149.75,142.25,116.25,96.0,88.25,75.0,54.75,44.75,144.25,137.25,134.5,132.75,131.0,111.0,72.75,52.0,141.25,134.25,130.75,94.5,81.50001,67.25,74.75,42.0,139.5,84.00001,64.0,47.0,39.25,34.5,31.0,28.0,75.25,62.0,46.25,37.25,32.25,26.75,22.5,20.75,63.5,47.75,37.25,31.0,27.0,23.5,19.5,18.5,51.25,40.25,32.25,26.75,23.25,20.5,18.0,16.25,46.75,37.25,29.5,24.75,22.25,19.0,16.75,15.25
19/9/2020 0:6:56
151.0,142.0,86.75,62.0,50.25,44.75,31.0,22.75,145.25,138.25,135.5,124.25,90.75,51.25,31.5,26.5,142.25,89.5,52.25,47.0,48.5,26.0,17.75,15.25,112.5,64.25,37.5,28.5,19.0,13.75,10.25,11.25,106.5,46.0,27.25,19.25,15.75,10.5,7.0,7.75,53.0,33.5,21.25,15.25,12.25,8.75,5.75,5.0,39.75,26.25,17.75,13.25,9.5,7.0,4.0,3.75,35.75,25.0,18.0,13.25,10.0,7.0,5.0,3.0
19/9/2020 0:7:14
151.5,118.5,80.25001,89.00001,42.25,44.0,32.25,26.25,145.75,139.0,127.75,84.5,53.25,50.0,32.75,30.5,143.0,102.0,77.0,60.75,41.0,41.5,27.75,23.25,141.0,134.25,102.25,59.75,30.75,23.75,18.25,17.25,142.75,71.25,59.25,32.75,23.25,17.75,14.5,14.25,71.5,47.75,32.0,24.0,20.0,15.75,13.0,12.5,54.75,39.0,28.0,21.5,18.0,14.0,12.0,10.75,48.25,36.5,27.0,21.25,17.5,14.0,13.25,12.75
19/9/2020 0:7:32
151.5,61.5,35.75,26.75,24.0,30.5,22.0,16.0,146.0,76.25,51.0,33.25,30.5,26.25,20.75,20.75,113.25,75.5,45.75,27.75,32.5,23.5,15.0,12.0,106.75,65.75,38.25,22.5,17.75,11.5,8.0,7.5,105.0,43.0,28.25,16.5,11.75,8.0,5.5,5.75,56.5,32.25,20.0,13.25,10.5,8.0,5.5,5.25,41.75,26.5,17.5,12.75,9.25,6.75,5.0,5.25,37.25,26.75,17.75,13.25,10.25,8.0,6.5,7.25
19/9/2020 0:7:50
130.25,45.5,29.75,21.25,18.75,26.25,18.0,12.25,145.75,51.75,33.5,18.5,20.75,17.0,13.75,16.0,85.25001,52.5,29.5,17.75,15.0,10.25,6.75,6.0,82.0,39.25,22.0,11.75,7.5,5.5,4.0,4.5,52.25,31.25,16.25,10.5,7.5,4.0,2.5,3.75,39.75,24.75,14.25,9.25,6.75,4.0,3.25,4.0,34.25,20.5,13.5,9.25,6.75,4.25,3.5,4.25,31.25,21.25,14.5,10.75,8.0,6.5,5.25,5.75
19/9/2020 0:8:7
104.25,35.25,21.0,16.0,15.5,24.0,17.25,13.0,145.25,40.75,26.0,20.0,17.25,15.75,12.75,15.75,79.25,40.5,22.5,13.0,11.5,7.5,5.75,5.75,54.25,34.5,19.25,9.5,5.5,3.75,2.5,2.75,43.5,27.75,13.5,8.25,5.25,3.25,1.0,3.25,35.5,21.5,12.25,7.25,5.0,3.25,2.25,3.5,30.25,18.0,11.0,7.75,5.5,3.75,2.75,4.75,29.5,20.0,13.0,8.75,7.25,4.5,5.25,6.75
19/9/2020 0:8:25
92.25,34.0,20.5,16.75,16.75,24.25,17.0,12.0,136.75,39.25,24.5,16.5,17.25,14.75,12.25,15.5,64.0,38.0,21.25,13.75,13.75,7.25,4.25,5.25,77.75,44.25,24.75,12.25,7.5,4.0,3.0,3.75,48.0,29.5,15.0,9.0,6.25,3.75,1.5,4.0,36.25,23.0,13.0,8.25,5.5,3.75,2.5,4.75,31.75,19.0,12.5,8.25,6.25,3.75,3.75,4.25,30.25,20.25,14.25,10.5,7.25,6.0,6.5,7.0
19/9/2020 0:8:43
80.75,32.25,20.0,17.25,16.75,24.25,17.25,12.5,119.25,38.0,22.5,17.25,16.25,14.25,12.0,15.0,63.25,36.5,21.0,14.25,13.0,7.75,6.0,6.25,77.75,40.25,20.5,12.25,7.75,5.75,3.75,4.5,42.75,28.25,14.75,9.5,7.25,5.0,3.0,3.75,34.25,22.25,12.5,9.0,6.5,5.5,3.5,5.25,30.75,18.75,12.5,9.25,6.75,4.75,4.5,4.75,29.5,20.0,14.0,11.0,8.25,6.5,6.25,6.5
19/9/2020 0:9:0
64.0,37.25,25.0,19.25,15.5,22.5,15.25,9.5,47.75,24.75,15.0,12.0,13.0,14.25,10.75,12.75,37.5,25.5,12.25,7.75,8.25,7.5,3.75,2.25,32.75,24.75,13.0,5.75,3.75,3.25,2.5,1.0,29.0,21.0,10.25,5.5,3.0,1.25,0.25,1.25,26.75,16.5,8.75,5.25,3.5,1.75,0.75,1.75,24.75,14.25,8.75,5.75,3.75,2.0,2.0,2.25,25.75,16.75,9.5,7.75,5.5,7.5,13.0,4.75
19/9/2020 0:9:18
54.75,28.25,18.5,13.25,13.0,21.5,14.5,9.25,42.75,23.25,14.25,9.25,12.0,11.75,10.0,12.75,37.75,24.0,11.5,6.5,7.75,4.0,2.0,3.5,30.75,24.75,13.25,5.25,3.75,2.0,1.0,1.5,28.5,21.25,10.25,5.25,3.75,1.25,0.0,1.25,26.75,17.0,9.5,5.5,3.25,2.25,1.75,1.5,25.0,14.5,9.25,6.0,4.0,3.0,1.5,3.0,24.75,17.25,11.25,7.5,5.75,4.5,3.75,4.5
19/9/2020 0:9:36
46.25,25.5,14.75,12.25,12.0,20.5,14.0,9.25,39.5,21.75,12.5,8.75,11.75,9.75,8.25,12.25,41.75,25.5,11.25,6.0,8.0,3.5,1.5,2.5,30.75,24.75,12.5,5.75,3.25,2.0,0.5,1.25,28.0,21.0,10.0,5.0,3.5,1.25,0.25,0.75,26.25,16.0,8.75,5.5,3.25,2.25,0.75,1.5,24.25,13.75,9.0,6.25,4.0,3.0,1.5,3.25,24.5,16.25,11.25,8.25,6.5,4.75,3.75,5.0
19/9/2020 0:9:53
56.0,33.5,20.75,16.75,14.5,21.5,14.75,9.5,47.25,22.5,14.0,10.5,12.5,12.75,10.0,12.5,33.25,23.5,11.75,6.25,8.25,4.25,2.5,3.25,30.0,24.5,13.25,6.25,3.5,2.5,1.0,1.25,28.0,21.5,10.0,5.75,3.5,1.75,0.5,1.0,32.0,17.0,9.0,5.75,3.75,2.75,1.0,2.5,26.0,14.5,9.0,6.0,4.25,2.5,1.5,2.25,25.0,16.5,11.0,7.75,6.0,3.5,3.75,4.5
19/9/2020 0:10:11
42.0,19.5,8.25,7.0,7.75,17.25,10.75,4.75,34.25,15.0,6.75,3.5,6.75,5.75,4.75,7.25,30.25,20.0,6.75,1.5,3.25,-511.75,-510.0,-510.0,27.25,20.75,9.0,1.25,-511.25,-510.5,-509.0,-509.25,25.75,18.5,6.5,1.25,0.0,-509.25,-509.0,-510.0,29.0,14.0,5.5,2.0,0.5,-511.25,-510.25,-511.25,23.75,11.25,6.25,3.25,1.0,-511.0,-511.25,-511.75,23.5,14.5,8.5,6.0,3.0,1.5,1.25,1.5
19/9/2020 0:10:29
44.25,24.25,13.0,9.25,9.5,19.0,12.25,6.75,38.5,21.0,14.25,8.75,10.25,8.5,7.0,10.25,32.0,22.75,10.25,6.5,7.5,3.0,0.75,0.5,28.75,23.0,12.25,4.5,2.25,1.0,0.5,0.0,26.75,20.25,9.0,4.25,3.0,0.5,-511.5,0.0,29.5,16.0,8.75,4.75,2.5,1.5,0.0,0.0,24.5,13.75,8.0,6.0,3.25,1.25,0.0,1.25,24.25,15.25,9.5,6.25,4.5,2.75,3.0,2.25
19/9/2020 0:10:47
41.75,22.25,13.0,9.75,9.25,17.75,11.75,5.25,37.75,20.0,9.25,5.5,7.75,6.5,6.0,8.25,30.0,20.5,7.5,3.25,5.0,1.0,-510.5,-510.5,27.0,21.5,10.25,3.25,0.5,-511.25,-510.0,-510.0,25.0,19.0,7.0,2.5,0.75,-511.25,-509.25,-509.75,27.5,14.25,7.25,2.75,0.75,-511.75,-510.25,-511.0,22.75,11.5,7.25,3.5,1.0,-511.75,-511.75,0.0,22.25,13.5,8.75,5.0,3.0,1.25,0.25,0.0
19/9/2020 0:11:5
42.25,23.5,13.75,10.75,11.75,19.5,12.5,7.5,35.5,18.75,12.0,8.75,11.5,10.0,8.75,11.25,32.0,22.75,10.25,6.0,7.5,4.0,1.75,2.25,28.0,23.25,12.75,6.0,3.75,2.0,1.0,1.25,27.0,20.75,9.75,5.25,4.0,1.75,0.75,0.5,28.25,16.5,8.5,5.5,4.0,2.5,0.75,1.75,24.0,14.0,9.5,6.25,4.0,2.75,2.25,2.0,23.25,15.75,10.5,8.0,5.75,4.0,2.5,3.25
19/9/2020 0:11:23
40.75,24.0,14.25,12.25,11.25,19.25,13.75,8.25,33.75,18.5,11.0,8.75,10.25,9.75,8.75,11.0,31.0,22.75,10.5,6.5,7.25,3.75,2.5,1.25,28.5,23.25,12.75,6.0,4.0,2.75,1.5,1.5,26.75,20.75,10.5,6.0,3.5,1.75,0.75,1.75,27.75,16.25,9.25,5.75,4.0,2.75,0.75,1.25,23.75,13.75,9.25,6.75,4.25,2.25,2.25,2.5,23.25,16.25,11.0,7.5,5.5,4.25,3.0,2.75
19/9/2020 0:11:41
39.0,20.75,12.0,10.0,10.0,18.75,13.0,7.5,32.5,16.75,9.75,7.0,9.5,8.75,7.75,10.25,30.5,22.0,9.75,5.25,7.5,3.5,1.75,1.75,29.0,23.0,12.75,5.5,3.5,1.75,1.0,0.75,29.5,20.5,9.75,5.25,4.0,1.75,0.25,0.25,30.75,25.75,14.0,10.0,3.25,2.0,0.5,1.5,30.25,31.0,25.75,11.75,4.0,3.0,2.25,2.25,32.0,29.25,22.0,9.25,6.0,4.25,3.0,3.25
19/9/2020 0:11:59
36.75,20.25,11.5,9.0,9.0,18.0,11.75,6.5,34.25,18.0,10.0,7.25,9.25,8.5,7.0,9.75,31.0,23.0,10.5,6.0,6.75,3.0,0.5,0.75,28.25,23.25,12.75,5.5,3.25,1.75,0.5,0.0,27.25,21.0,9.25,5.0,3.5,1.0,-511.5,-511.75,29.0,24.5,10.75,7.0,3.0,2.25,0.0,1.5,32.0,30.5,23.5,10.5,3.75,2.0,0.75,0.75,30.25,27.0,18.25,8.25,5.5,3.25,2.5,2.0
19/9/2020 0:12:17
38.0,22.25,12.5,10.25,10.0,18.5,13.0,7.25,29.75,16.5,9.75,7.0,9.25,8.25,7.25,10.5,29.25,21.5,9.25,5.0,6.75,3.0,0.5,1.25,27.5,22.5,12.0,5.25,3.25,1.5,0.5,0.25,28.5,20.5,9.5,5.0,3.75,1.5,0.25,0.25,28.75,17.75,8.75,5.5,3.75,2.5,1.75,5.75,26.0,21.0,11.75,6.75,4.5,3.5,3.75,18.0,24.0,18.25,21.0,21.75,7.25,18.5,26.25,25.75
19/9/2020 0:12:34
38.25,22.75,14.25,11.5,11.5,19.75,13.0,8.5,32.25,17.75,11.5,8.75,11.0,9.75,9.25,10.75,30.75,23.0,11.5,7.0,8.5,4.75,2.5,2.75,28.25,23.75,14.0,6.75,4.75,3.25,1.75,2.0,26.75,21.5,10.5,6.5,5.5,3.75,1.75,2.5,26.25,17.25,9.75,7.0,6.5,9.5,4.75,4.5,24.0,14.0,10.25,8.0,16.75,27.75,18.75,12.0,23.5,16.0,12.0,10.0,16.5,30.0,29.0,28.0
19/9/2020 0:12:52
36.5,21.0,12.25,9.5,10.0,18.0,12.5,6.5,31.25,17.25,10.25,6.75,8.75,7.75,7.25,9.5,29.5,21.0,9.0,5.0,6.5,2.75,0.25,0.25,27.5,21.75,12.0,4.75,2.5,1.25,0.0,-511.5,25.5,19.75,9.0,5.0,3.25,1.0,-511.75,0.75,24.75,15.25,8.75,5.0,2.25,1.5,0.75,0.0,22.75,12.5,8.0,5.75,3.5,1.5,1.25,1.25,22.0,14.0,9.75,6.75,4.75,3.0,2.25,1.25
19/9/2020 0:13:10
37.0,20.75,12.5,9.5,10.75,18.25,12.5,7.25,31.0,17.0,10.25,8.25,9.75,9.0,8.5,10.25,29.75,22.0,9.75,6.25,7.25,3.5,1.5,1.5,26.75,23.0,12.5,6.0,3.5,2.25,1.25,1.0,26.0,19.75,9.75,5.5,3.75,1.5,0.25,0.5,25.5,16.0,9.5,5.5,3.75,2.5,1.0,1.5,22.75,13.5,8.75,6.75,4.25,3.0,1.25,1.75,22.5,15.5,10.5,7.0,5.5,4.5,3.25,4.0
19/9/2020 0:13:28
36.5,20.25,12.0,10.25,10.5,18.75,12.5,6.75,30.25,17.0,10.5,8.0,10.0,8.5,7.0,10.0,29.75,22.0,10.0,5.75,7.25,3.0,0.75,0.75,27.0,22.5,11.75,5.75,3.25,1.5,0.25,-511.75,25.25,20.0,9.25,5.0,3.25,1.25,-511.75,0.5,24.0,14.75,8.0,5.0,3.75,1.5,0.25,1.0,22.75,13.25,8.5,6.0,3.5,2.25,2.0,1.75,21.75,14.0,9.75,6.75,4.5,3.25,1.75,2.5
19/9/2020 0:13:46
35.75,20.5,11.25,9.75,10.0,18.0,12.5,6.75,30.25,17.75,10.75,8.0,10.0,8.5,7.75,10.0,30.0,22.0,10.5,6.75,7.5,3.75,0.75,1.25,27.0,23.0,12.25,6.25,3.5,1.75,1.5,0.0,25.5,20.5,10.0,5.5,3.75,1.5,0.25,0.5,25.0,15.5,9.0,5.25,4.25,2.75,1.0,1.0,22.25,13.0,9.0,6.0,3.75,2.5,1.75,1.5,21.5,14.75,10.0,8.0,4.75,3.25,2.25,2.25
19/9/2020 0:14:4
35.0,19.75,10.75,9.0,9.5,17.25,11.75,6.5,30.0,17.0,9.5,6.5,8.75,7.5,7.75,10.0,29.5,22.25,10.0,6.25,7.0,2.5,0.75,0.25,27.25,23.0,13.0,6.0,3.5,1.75,0.5,-511.25,25.75,19.75,10.0,6.0,3.25,1.5,0.0,0.0,24.5,15.25,9.0,5.25,3.5,2.0,0.5,0.5,21.75,12.5,8.5,6.5,3.25,1.75,1.0,1.5,22.25,15.0,9.5,7.5,4.75,2.75,2.25,1.75
19/9/2020 0:14:22
34.0,19.25,10.5,9.5,9.5,17.75,12.25,6.5,29.0,16.0,9.5,6.75,9.0,7.75,6.75,9.5,29.5,22.0,9.75,6.0,7.0,2.75,0.5,1.75,26.75,23.0,12.5,5.75,3.25,2.25,0.5,-511.75,25.5,20.5,9.5,5.75,3.5,1.5,0.0,1.0,24.75,15.0,9.0,5.5,4.0,2.0,1.0,1.25,22.25,12.5,8.5,5.75,3.75,2.25,1.25,2.0,21.5,14.75,10.25,7.5,4.75,3.0,2.75,2.5
19/9/2020 0:14:40
34.25,20.0,10.75,9.5,9.25,17.75,12.25,6.5,29.0,16.25,10.0,7.25,8.75,8.0,7.75,10.0,28.75,21.5,10.25,6.0,7.5,4.0,1.0,1.25,26.75,22.75,11.75,6.0,3.5,1.75,0.5,-511.75,24.75,20.25,9.0,5.25,3.0,1.25,0.0,0.5,24.0,15.25,8.5,4.5,3.5,1.5,0.25,0.5,22.0,12.75,8.5,5.5,3.25,1.5,1.25,0.75,22.25,14.25,9.75,7.25,5.25,4.0,2.75,2.75
19/9/2020 0:14:57
35.25,21.25,12.5,10.5,11.5,18.75,14.0,8.25,30.0,17.25,11.75,8.5,10.5,9.75,8.75,11.0,30.25,22.75,12.0,7.75,8.75,4.75,2.75,3.25,27.5,24.0,14.25,7.5,5.5,4.0,2.75,2.75,27.5,21.5,10.5,7.25,5.75,3.5,2.75,3.25,29.25,19.5,11.5,7.5,5.75,6.75,21.0,8.0,26.5,24.5,12.75,9.25,9.75,13.75,25.5,10.0,27.5,25.5,29.0,28.25,28.75,27.75,27.0,22.0
19/9/2020 0:15:15
36.5,22.75,13.25,10.25,10.75,18.75,12.75,8.5,29.75,16.75,10.25,8.5,9.75,9.0,8.5,10.75,29.0,21.75,10.75,7.0,7.75,4.5,2.0,1.75,27.75,22.75,13.0,6.25,4.25,2.5,1.5,1.0,26.75,20.75,10.5,6.0,5.25,3.0,1.75,1.5,29.75,17.5,9.5,6.75,5.0,4.25,14.75,5.25,26.0,23.75,10.0,7.75,6.5,7.25,24.0,10.0,25.0,21.25,24.5,24.75,28.75,27.5,26.25,21.75
19/9/2020 0:15:33
32.25,19.75,10.5,9.0,9.25,17.25,11.25,5.5,28.25,15.5,9.75,6.75,8.25,7.25,6.25,8.75,28.5,20.25,8.25,4.75,6.0,2.0,0.25,-511.25,25.5,21.25,11.0,4.25,1.0,0.25,-511.25,-510.25,24.25,18.5,8.0,3.75,2.25,0.0,-511.0,-510.5,23.0,13.75,7.5,3.0,1.75,0.5,-511.5,0.0,21.5,11.5,7.75,4.25,2.0,0.75,-511.75,-511.75,21.25,13.5,9.0,5.75,3.75,1.25,1.25,0.5
19/9/2020 0:15:50
33.25,20.25,11.75,9.5,9.5,17.0,12.25,6.5,28.75,16.75,10.5,7.5,8.75,8.0,7.75,10.0,28.75,21.75,10.0,6.5,6.0,3.25,0.5,0.5,27.0,22.75,12.5,5.5,3.5,1.25,0.5,0.0,25.0,20.0,9.5,5.25,3.5,2.0,0.0,0.25,23.25,14.25,8.25,5.0,4.0,2.5,0.5,0.75,23.0,12.5,8.0,5.25,3.5,1.5,0.5,1.5,21.75,14.0,10.0,6.5,4.75,2.5,1.5,1.25
19/9/2020 0:16:8
33.5,20.5,10.5,9.25,9.75,17.25,12.0,6.75,29.0,17.0,10.5,7.5,8.25,7.5,7.0,9.75,28.5,21.0,10.25,7.0,7.0,2.75,0.0,0.5,26.25,22.0,12.25,6.0,3.25,1.5,0.0,0.0,24.75,19.75,10.0,5.75,2.75,0.75,0.25,0.0,23.25,14.5,8.25,5.0,2.75,1.25,0.0,0.25,22.5,12.5,7.75,5.0,3.25,1.25,0.25,0.75,21.5,14.5,9.0,6.75,4.5,2.25,1.5,1.0
19/9/2020 0:16:26
32.25,19.5,11.75,10.0,9.75,17.0,11.5,7.0,28.5,16.25,9.25,6.75,8.5,7.5,7.0,9.5,28.5,21.25,9.5,6.25,6.75,2.75,1.25,1.0,26.25,22.5,12.5,5.5,3.0,1.5,0.0,-511.75,24.5,19.5,9.0,5.0,3.0,1.0,-511.75,-511.5,23.0,14.75,8.0,5.25,3.0,1.75,-511.25,0.5,22.5,12.0,7.75,5.75,3.5,1.25,0.75,0.25,21.5,14.0,9.0,6.25,4.0,3.0,2.25,1.25
19/9/2020 0:16:44
32.0,18.5,10.25,8.5,9.25,17.0,10.75,6.0,28.5,15.25,8.5,7.0,8.0,7.25,7.0,9.25,28.25,21.0,9.25,5.25,6.0,2.5,0.75,0.0,26.25,22.25,12.0,4.75,2.75,1.5,0.25,-511.75,24.75,19.5,9.0,5.25,3.25,1.25,0.0,0.0,24.0,14.75,8.25,4.75,3.0,1.5,0.5,0.75,22.75,12.75,8.5,5.0,3.5,1.25,1.0,1.25,21.25,14.5,9.75,6.5,4.75,2.5,2.25,2.0
19/9/2020 0:17:1
32.25,19.75,11.25,9.75,9.75,17.5,12.0,6.75,28.25,15.5,9.75,7.0,8.5,7.25,7.75,9.75,28.25,21.25,10.0,6.25,7.0,3.0,1.0,1.25,26.5,22.5,12.25,6.0,3.25,2.0,0.5,0.0,25.0,19.75,9.0,5.5,3.5,1.5,-511.5,0.25,23.25,15.0,8.5,5.5,3.5,2.0,1.0,1.0,22.25,13.0,8.75,6.5,3.5,2.0,1.5,1.5,21.75,15.0,9.75,7.5,4.75,3.75,2.0,2.5
19/9/2020 0:17:19
32.25,20.75,12.5,11.25,10.5,18.25,13.25,8.25,28.5,17.25,10.75,8.25,9.75,8.75,8.5,10.75,28.75,22.25,10.25,7.25,7.5,3.75,1.5,2.5,27.0,23.0,13.5,6.75,4.5,3.0,1.75,1.5,25.5,20.75,10.5,6.25,4.75,2.5,1.25,1.25,24.25,15.75,9.75,6.75,4.75,3.25,2.25,3.0,23.25,13.75,9.25,6.75,4.75,3.0,2.75,2.25,22.25,15.5,10.25,8.25,6.0,4.5,3.5,3.75
19/9/2020 0:17:37
32.0,20.25,11.75,9.5,9.25,18.0,12.0,7.5,28.0,16.25,10.0,7.5,9.25,8.5,8.25,10.5,28.25,21.5,10.0,6.25,7.25,3.5,1.75,2.0,26.0,22.75,12.25,6.0,3.25,2.25,0.75,0.25,25.0,20.25,10.5,6.25,3.75,1.75,0.25,1.25,23.5,15.25,8.75,5.5,4.0,2.25,1.0,1.25,23.0,12.75,8.5,5.75,4.75,2.25,1.5,1.0,22.0,15.25,9.5,7.25,5.25,3.5,2.5,2.5
19/9/2020 0:17:55
30.75,18.25,11.5,9.25,9.5,17.75,11.5,7.25,28.0,16.25,9.75,7.0,8.75,7.0,7.0,10.0,28.75,20.75,9.75,5.5,6.25,3.0,1.0,1.0,26.25,22.5,12.0,5.75,2.75,1.5,0.5,0.75,25.0,19.25,9.0,5.25,3.5,1.25,0.0,0.25,23.5,15.25,9.0,5.75,4.0,2.0,1.25,1.75,23.0,12.5,9.25,5.25,3.75,1.75,1.5,1.5,22.0,14.75,9.5,7.5,4.75,3.5,1.75,2.5
19/9/2020 0:18:12
31.25,19.5,11.75,9.75,10.75,18.5,13.25,7.25,28.75,17.0,10.25,8.25,9.75,8.25,8.0,10.0,28.25,22.25,11.0,7.0,7.5,3.75,1.75,1.75,26.75,23.0,12.75,6.5,4.75,2.75,1.75,1.25,24.75,20.0,9.5,5.5,4.25,1.75,0.75,0.75,23.5,15.0,9.0,5.75,4.0,2.5,1.5,1.5,22.75,12.75,8.5,6.0,3.75,2.75,2.0,1.5,21.5,14.75,9.75,7.25,5.5,3.5,2.0,2.25
19/9/2020 0:18:30
31.75,19.5,11.75,9.75,10.0,17.0,11.5,7.25,27.25,15.75,9.75,7.25,8.5,8.0,8.0,10.0,27.5,21.0,10.0,6.25,7.5,3.75,1.0,1.25,26.25,22.25,12.75,5.75,4.0,2.25,1.25,1.0,25.0,20.25,9.5,5.5,4.25,2.0,0.5,0.5,23.5,14.75,9.0,5.75,4.0,2.5,0.75,1.5,23.0,12.5,8.75,6.25,3.5,2.5,2.25,1.5,21.5,14.5,9.75,7.75,5.25,3.25,2.5,2.25
19/9/2020 0:18:48
31.25,19.25,11.5,10.0,10.5,17.25,12.25,8.0,27.25,15.5,9.5,7.75,8.5,7.5,7.5,10.0,27.75,21.25,10.25,6.5,6.75,3.5,1.0,1.25,26.0,22.5,12.5,5.75,3.75,2.25,1.25,0.5,24.75,19.75,9.25,5.25,4.25,2.25,0.75,0.75,23.75,14.75,9.5,5.5,4.5,3.0,1.5,1.5,22.75,13.0,8.25,6.5,4.5,3.0,1.5,2.5,22.5,15.25,10.0,7.75,6.0,4.75,2.75,2.75
19/9/2020 0:19:6
30.5,19.25,11.0,9.5,9.25,17.0,12.0,7.75,27.25,16.0,9.0,7.0,8.0,7.75,7.0,10.25,27.0,21.0,10.0,6.0,7.0,3.0,1.0,1.5,26.0,22.0,12.25,5.75,3.75,2.0,1.0,0.75,24.25,19.75,9.5,5.25,4.0,2.25,0.25,1.5,23.5,15.25,9.0,5.75,4.0,3.0,1.5,2.0,22.5,13.5,9.5,6.25,4.25,3.25,2.75,2.75,22.5,14.5,9.5,7.5,5.75,3.75,4.0,3.75
19/9/2020 0:19:23
32.5,20.0,11.5,10.5,10.5,18.0,12.75,7.75,27.75,16.25,10.0,8.0,9.25,8.75,8.5,11.25,27.75,21.75,10.5,6.5,7.5,4.0,2.0,1.5,26.25,22.75,13.0,6.75,4.5,2.75,1.5,1.0,25.5,20.5,10.0,6.0,5.0,2.5,1.5,2.25,23.5,16.25,9.5,6.5,4.25,3.0,2.5,2.25,22.75,13.0,9.25,6.75,5.0,3.0,2.25,1.75,22.25,15.25,10.25,8.0,5.25,4.5,3.5,3.5
19/9/2020 0:19:41
30.5,20.0,11.75,10.25,10.5,18.25,12.5,7.75,27.5,16.25,10.5,8.0,9.0,7.75,8.25,10.5,27.75,21.5,10.25,6.5,7.25,3.5,1.75,1.25,26.0,22.5,12.75,6.25,3.75,2.5,1.75,1.25,24.75,20.0,9.5,5.75,4.75,2.25,1.0,0.75,23.5,16.0,9.5,6.25,4.25,4.0,1.75,2.25,22.5,13.25,8.75,6.5,5.0,3.0,2.25,1.75,22.0,15.25,10.0,8.25,6.0,4.25,3.75,3.75
19/9/2020 0:19:59
31.0,19.75,11.25,10.0,10.25,17.0,12.0,7.25,27.25,15.5,10.0,7.5,9.0,8.75,8.0,9.5,27.75,21.5,10.5,6.25,7.0,4.0,2.0,1.75,25.75,22.0,12.5,6.0,3.75,3.0,1.5,0.75,24.5,19.75,9.5,6.0,4.5,1.5,0.5,1.25,23.25,15.25,9.25,5.5,4.5,2.5,1.0,1.75,22.25,13.5,8.75,6.5,4.0,2.75,2.5,2.25,21.75,15.0,10.25,7.75,5.0,3.5,3.5,3.25
19/9/2020 0:20:17
31.0,20.0,12.0,11.0,11.0,18.0,13.0,8.0,27.5,16.5,11.25,8.5,9.5,8.75,9.0,11.0,27.5,22.0,11.25,7.25,8.0,4.75,2.25,2.75,27.0,22.5,13.25,6.75,4.75,3.5,2.5,1.5,25.0,20.25,10.25,6.75,5.25,3.25,1.25,1.75,23.5,15.75,9.25,6.75,4.75,3.75,1.75,2.5,23.25,13.5,9.5,7.25,5.0,3.0,3.0,3.5,22.5,15.25,10.0,8.0,5.5,4.25,3.25,4.0
19/9/2020 0:20:34
29.75,19.5,10.75,9.5,10.5,17.75,12.0,8.25,27.75,16.0,10.0,8.0,9.0,8.25,8.75,10.5,27.5,21.25,10.25,7.0,7.75,4.0,1.5,2.25,26.25,23.0,12.75,6.5,4.25,3.0,1.75,1.75,25.0,20.0,10.25,6.75,5.25,2.0,1.25,1.75,23.5,15.5,9.25,6.0,4.0,2.75,1.25,2.25,22.75,13.25,8.75,7.0,4.25,3.5,2.0,2.5,21.75,15.5,9.75,7.5,5.5,4.25,4.0,3.0
19/9/2020 0:20:52
30.25,19.5,11.0,9.75,10.0,17.25,12.25,8.25,26.75,16.25,9.5,7.5,8.25,7.75,7.5,10.25,27.25,21.0,9.75,5.75,7.0,4.25,1.25,1.75,25.5,22.0,12.25,5.75,4.0,2.5,1.25,0.75,25.25,20.0,9.5,5.25,4.25,2.25,0.75,1.5,22.75,15.25,9.0,5.75,3.75,2.75,1.5,2.25,22.25,12.75,8.5,6.5,3.75,3.5,1.75,1.75,21.75,15.0,10.5,8.25,5.25,4.25,3.5,2.75
19/9/2020 0:21:10
30.0,19.75,11.5,9.5,10.25,17.5,12.5,8.25,27.0,16.25,10.5,8.5,9.75,8.75,8.5,10.25,27.75,21.5,10.0,6.75,8.0,4.25,2.75,2.0,26.0,22.5,12.5,6.75,4.5,3.0,2.0,1.25,25.0,19.75,10.0,6.5,4.5,2.5,1.5,1.75,23.25,15.5,9.5,5.75,4.0,3.0,1.75,1.75,22.75,13.25,9.0,6.75,4.25,3.25,2.5,2.5,22.25,14.5,10.5,8.0,5.5,3.25,3.5,2.75
19/9/2020 0:21:28
30.25,19.25,11.0,11.0,11.0,17.25,12.5,8.5,26.75,16.5,10.5,8.75,9.75,8.25,8.25,11.0,27.25,21.75,10.0,6.75,7.75,4.25,2.0,2.25,25.5,22.25,12.5,7.0,4.5,3.25,2.25,1.5,24.75,20.0,9.25,6.25,4.5,2.75,1.5,2.0,23.25,16.0,9.25,6.25,5.25,3.25,2.0,2.75,23.0,13.5,9.5,6.75,5.0,3.0,3.25,3.25,21.75,14.75,9.5,8.5,5.25,4.25,2.25,2.5
19/9/2020 0:21:46
30.0,19.25,12.25,10.5,10.0,17.5,12.5,8.0,26.75,16.25,10.0,8.25,8.5,8.75,8.0,10.25,27.0,21.25,10.25,6.5,8.0,3.75,2.0,2.5,25.75,22.25,12.75,6.5,4.0,2.75,1.75,1.25,24.5,20.0,9.75,6.5,4.5,2.25,1.5,1.75,23.25,15.75,8.5,5.5,4.25,2.75,2.0,1.5,22.5,13.5,9.25,6.5,4.5,3.25,3.0,2.25,21.75,14.75,9.75,7.75,5.75,3.5,3.0,2.75
19/9/2020 0:22:3
29.75,19.5,11.25,10.0,10.25,17.75,12.25,7.75,27.0,16.0,10.0,7.25,8.5,7.75,7.75,11.0,26.75,21.5,10.25,6.25,7.25,3.75,2.25,1.75,25.75,22.25,12.5,6.5,3.5,2.75,1.75,1.5,24.5,19.5,9.75,6.0,5.0,2.5,1.0,1.5,23.0,15.25,9.75,5.5,4.0,3.25,1.5,2.25,22.75,13.25,8.75,6.5,4.5,3.75,2.0,2.25,21.5,15.0,10.0,7.5,5.0,3.75,3.25,3.25
19/9/2020 0:22:21
28.75,18.75,10.25,9.5,9.75,16.75,12.0,7.0,25.75,15.25,8.75,7.25,8.25,7.25,7.75,9.5,26.5,20.75,9.0,6.0,6.5,4.0,1.75,1.0,25.25,22.25,12.25,5.75,3.75,3.0,1.0,0.75,24.25,19.75,9.5,5.75,4.0,1.75,0.25,1.5,23.0,15.0,9.0,5.5,4.0,2.5,0.75,2.0,22.25,13.0,8.5,6.5,4.25,2.5,1.75,2.0,21.5,14.5,9.75,6.75,4.5,3.75,2.75,2.75
19/9/2020 0:22:39
28.75,18.75,11.25,9.25,10.0,16.5,11.75,7.25,26.5,15.75,10.25,7.0,8.25,7.75,7.25,10.25,27.0,21.0,9.75,6.25,6.25,3.0,1.25,1.0,25.5,22.25,11.75,5.5,3.25,2.75,1.5,0.25,24.25,19.0,9.0,5.5,4.0,1.75,0.5,0.75,22.75,15.25,8.25,5.5,4.0,2.0,1.0,1.25,21.75,13.25,8.5,6.75,4.0,2.25,1.5,2.5,21.5,14.5,8.75,7.25,4.5,3.0,2.25,2.0
19/9/2020 0:22:57
28.5,18.75,10.75,9.5,9.5,16.5,12.0,6.75,25.75,15.0,8.75,6.5,8.25,7.5,7.5,9.25,26.75,20.5,9.75,5.75,6.75,2.75,2.5,1.0,25.25,22.5,11.75,5.5,3.5,2.75,0.75,0.75,24.25,20.0,8.5,5.25,3.5,1.5,0.75,0.75,22.75,14.75,8.75,6.0,4.5,3.0,1.5,1.25,22.0,13.0,8.75,6.25,4.0,2.25,2.0,2.25,22.0,14.5,10.25,7.75,5.5,3.75,3.25,3.75
19/9/2020 0:23:15
28.75,19.25,11.0,9.5,10.5,17.0,12.0,7.5,26.75,16.0,9.5,7.0,8.5,7.5,8.0,10.0,26.5,21.5,10.25,6.0,7.5,3.75,1.75,2.25,25.75,22.5,13.0,5.5,3.75,2.75,1.25,0.5,24.5,19.5,9.5,6.25,4.0,2.25,1.25,1.0,23.0,15.25,8.75,5.75,4.0,2.25,1.5,1.75,22.25,13.25,9.25,7.0,4.0,3.25,1.5,2.5,21.0,14.25,9.5,7.25,5.25,3.5,3.0,3.25
19/9/2020 0:23:32
27.5,19.0,10.5,9.5,9.0,17.0,11.25,6.25,25.25,15.25,8.75,6.75,8.0,7.0,7.5,9.75,26.0,20.5,9.0,5.75,6.5,3.0,1.0,1.5,25.25,21.5,11.5,5.0,3.5,2.0,0.75,0.5,23.75,19.5,9.0,5.25,3.5,1.25,0.0,0.5,23.25,14.5,8.25,5.0,4.0,2.25,1.0,1.75,22.0,12.25,8.5,6.0,4.25,2.5,1.25,1.5,22.0,14.25,10.0,6.75,4.75,3.5,3.0,2.75
19/9/2020 0:23:50
28.25,19.0,11.25,10.5,10.0,18.0,11.5,8.5,26.25,16.0,10.25,7.75,8.75,7.75,7.75,10.5,27.0,21.25,10.0,7.0,7.25,4.0,2.0,2.5,25.75,22.5,12.75,6.25,4.25,3.5,1.75,1.25,24.75,20.5,10.0,6.25,4.75,2.25,1.0,1.25,23.25,16.0,9.5,6.0,4.75,3.25,1.75,1.5,22.75,13.25,8.5,7.0,4.75,3.0,2.5,1.5,22.5,14.5,9.75,7.75,5.5,3.75,3.0,2.75
19/9/2020 0:24:8
28.25,19.25,11.25,9.75,10.25,18.0,12.75,8.25,26.5,16.0,10.25,7.75,8.75,8.25,8.5,10.5,26.5,21.25,10.0,6.75,7.25,4.5,2.75,2.25,25.75,22.75,13.0,6.75,4.25,3.0,1.5,1.25,24.75,21.0,9.75,6.0,4.25,3.0,1.5,2.0,23.75,15.5,9.5,6.25,4.5,3.5,1.5,3.0,23.0,14.0,9.0,6.75,4.75,3.25,2.5,3.0,21.75,15.5,10.25,7.75,5.5,4.5,3.75,3.75
19/9/2020 0:24:26
28.25,19.25,11.75,9.75,10.25,17.25,12.75,7.75,26.0,16.0,10.25,8.5,9.25,8.25,9.0,10.75,26.75,21.25,9.5,7.0,7.25,4.5,2.25,2.5,26.25,22.75,13.25,6.5,4.5,3.0,2.0,1.75,24.75,20.5,10.0,6.5,4.75,2.75,2.0,2.0,23.0,15.25,9.5,6.25,5.0,3.75,1.75,2.0,22.25,13.5,9.25,6.5,4.75,3.25,2.25,3.0,22.25,15.25,10.0,8.25,6.25,4.75,3.75,3.0
19/9/2020 0:24:44
27.25,18.5,11.25,9.5,9.75,17.25,12.25,7.75,25.0,15.75,9.5,7.25,8.25,7.5,8.0,10.25,26.75,20.75,10.25,6.0,7.0,3.75,2.0,1.75,25.25,22.0,12.25,5.5,3.75,2.75,1.75,0.75,24.5,20.25,9.5,6.0,3.75,2.75,1.75,1.0,22.5,15.5,8.5,5.5,4.5,3.0,1.25,2.5,21.75,13.5,9.0,6.5,3.75,2.5,2.25,3.0,22.0,14.75,10.25,8.25,5.75,4.0,3.0,2.0
19/9/2020 0:25:2
27.25,18.75,10.75,9.75,10.0,17.25,12.0,7.75,25.25,15.5,9.5,7.5,8.75,7.25,8.0,10.0,26.25,20.75,9.25,6.5,6.75,3.5,1.5,2.0,25.0,22.0,11.75,6.0,3.75,3.0,1.25,1.0,23.75,19.75,9.5,5.75,4.0,2.0,0.25,0.75,22.5,15.0,8.75,5.5,4.25,2.5,1.0,2.0,22.25,13.25,9.0,6.25,4.0,3.25,2.75,1.75,22.0,15.0,10.25,8.25,4.5,3.75,2.5,2.75
19/9/2020 0:25:20
27.0,18.25,11.0,10.0,10.0,17.25,12.25,7.5,25.0,15.5,10.0,7.25,7.75,7.5,8.0,9.75,26.25,20.75,9.25,6.0,7.0,3.5,2.0,1.5,25.25,22.0,12.0,5.25,4.0,2.25,2.0,0.5,24.25,20.0,9.0,5.75,3.75,2.5,1.0,1.25,23.0,15.25,8.5,5.5,4.0,2.5,0.75,2.0,22.25,13.5,9.25,6.25,3.75,2.5,2.75,2.0,22.0,14.5,9.5,7.5,5.75,4.0,3.0,3.0
19/9/2020 0:25:38
27.5,18.5,11.25,10.25,10.75,17.75,11.5,7.25,25.0,15.5,9.25,7.75,8.5,7.75,8.0,11.0,26.25,20.75,9.75,5.75,6.75,4.0,1.75,1.75,26.0,22.0,12.0,6.0,4.0,3.25,2.0,1.0,24.25,20.0,10.25,5.5,4.5,2.25,1.5,1.5,22.75,15.5,9.0,5.75,4.0,2.5,1.25,1.5,21.75,13.5,8.5,6.25,4.5,3.25,2.75,2.25,22.0,14.75,10.25,7.5,6.0,4.0,3.25,2.75
19/9/2020 0:25:55
27.75,19.25,11.25,9.75,10.75,17.75,12.75,8.5,25.5,15.75,10.25,8.5,9.0,8.25,8.5,10.75,26.5,21.0,10.5,7.0,7.25,4.75,2.5,3.25,26.0,22.75,12.75,6.75,4.5,3.25,2.25,2.5,24.25,20.5,9.75,6.25,4.75,3.25,0.75,1.5,23.75,15.75,9.0,6.5,4.5,3.25,2.5,2.25,22.5,13.75,9.25,7.25,4.75,3.5,2.25,2.75,22.5,15.5,11.25,8.5,6.0,4.25,3.75,2.75
19/9/2020 0:26:13
27.25,18.5,11.5,9.5,10.25,17.0,12.0,7.75,25.25,15.5,9.75,8.0,8.5,8.0,8.5,11.0,26.0,21.25,9.75,6.5,7.25,4.25,2.5,2.0,25.5,22.0,12.75,6.5,4.25,3.25,1.75,0.75,24.25,19.75,9.5,6.25,4.5,2.5,0.5,1.25,23.0,15.5,8.75,6.0,4.25,3.5,1.25,2.0,22.0,13.25,9.25,6.75,4.75,2.75,2.25,2.75,21.75,14.75,9.75,8.25,5.25,3.5,3.25,3.0
19/9/2020 0:26:31
27.75,18.5,11.25,10.5,10.25,16.5,12.5,7.75,25.25,15.75,9.75,8.0,8.75,8.25,8.75,11.0,26.0,20.75,9.75,6.75,7.25,4.0,2.25,2.25,25.5,22.5,12.25,6.0,4.5,3.25,1.5,1.5,24.25,19.5,10.0,6.5,4.75,2.5,1.75,2.0,23.5,16.0,9.5,6.25,4.5,3.25,1.75,2.0,22.5,13.75,9.5,7.5,4.75,3.25,3.25,3.25,22.25,15.0,10.75,7.75,6.0,4.75,3.25,3.0
19/9/2020 0:26:49
27.25,18.75,10.75,9.5,10.5,16.5,12.0,7.5,25.25,15.5,10.0,7.5,8.5,7.75,8.25,10.25,26.25,20.75,9.75,6.5,6.75,3.5,1.75,1.5,25.5,22.5,12.75,6.0,4.0,3.0,1.75,1.0,24.0,19.75,9.75,6.0,3.75,2.0,0.75,1.25,23.0,15.0,8.5,5.75,4.75,2.75,1.0,2.5,22.25,13.5,8.25,6.25,4.0,2.75,3.0,2.5,22.25,14.75,10.75,8.0,5.75,4.0,3.0,3.0
19/9/2020 0:27:7
24.75,26.75,33.0,36.5,26.5,21.5,15.5,14.75,25.5,26.5,34.75,39.25,24.75,17.0,15.25,15.75,24.75,27.25,36.25,40.5,28.75,24.0,12.25,9.5,25.75,27.75,37.0,40.0,28.25,24.5,17.25,9.75,25.5,27.0,36.75,37.0,27.0,23.25,13.75,10.25,25.25,26.0,34.5,36.5,25.75,18.75,11.25,9.5,24.5,24.75,29.25,31.5,24.0,15.0,11.25,9.5,24.5,24.5,27.0,29.5,21.75,15.0,12.25,9.5
19/9/2020 0:27:25
25.0,27.25,34.0,36.0,25.25,20.75,15.0,14.75,25.0,27.0,36.0,38.25,22.25,15.5,14.75,15.25,25.75,27.5,37.75,39.5,27.25,22.75,11.25,9.5,26.0,28.0,39.0,38.75,26.75,23.5,15.75,9.0,25.75,27.75,39.25,35.25,27.0,23.0,13.0,9.0,24.75,26.75,36.0,34.5,24.75,18.75,11.25,9.25,24.5,25.5,30.75,31.25,23.0,14.75,11.0,9.5,24.5,24.0,27.25,29.25,21.25,14.75,11.0,9.25
19/9/2020 0:27:43
24.75,27.25,33.5,35.5,25.75,20.75,15.75,14.25,25.0,27.0,35.5,38.25,22.5,16.0,15.5,15.75,25.75,27.75,37.5,39.5,27.5,23.25,12.25,11.5,25.75,28.25,39.25,38.25,27.5,24.5,16.75,24.75,26.0,27.0,39.0,35.0,26.75,23.0,14.5,24.0,25.25,27.0,36.0,34.5,25.5,19.0,13.5,25.5,25.5,26.0,30.75,31.5,24.0,15.75,16.0,26.75,25.5,24.5,27.75,29.25,22.25,15.75,15.0,21.5
19/9/2020 0:28:1
24.0,27.0,33.25,35.5,25.5,20.5,15.25,14.25,24.75,26.5,34.75,37.0,22.25,15.25,14.5,14.75,25.25,27.25,36.75,38.75,27.75,22.25,11.5,9.5,25.25,27.25,38.25,38.25,27.0,23.5,15.25,9.25,24.75,27.0,38.0,34.0,26.25,22.5,12.25,9.0,25.25,26.25,35.5,33.75,24.0,17.75,10.5,8.75,24.5,24.75,29.75,31.0,22.25,14.75,10.5,8.5,24.0,23.75,27.0,28.75,20.5,14.0,11.25,9.0
19/9/2020 0:28:19
24.75,26.75,33.0,35.75,25.75,20.5,15.75,13.5,24.75,26.25,35.0,37.0,22.5,15.0,14.75,15.25,24.75,27.25,36.25,38.5,27.0,22.75,11.5,9.5,26.0,27.25,37.5,37.5,26.5,23.75,15.5,9.0,25.0,27.5,38.0,34.5,26.25,22.75,12.75,8.5,25.0,26.5,35.25,33.75,25.0,18.0,11.0,8.75,25.0,24.75,30.5,30.5,22.5,14.0,10.5,8.75,23.75,23.75,26.75,29.0,20.75,15.5,11.25,8.5
19/9/2020 0:28:37
24.5,26.75,32.75,35.0,25.5,20.5,14.75,14.25,24.0,26.5,34.25,36.75,22.5,15.5,14.5,14.75,25.25,26.75,36.25,38.25,26.5,22.0,11.25,9.25,25.5,27.25,37.5,37.25,26.5,23.5,15.25,8.25,25.25,26.5,37.25,33.75,25.75,22.5,12.0,8.25,24.75,26.25,34.5,33.25,24.25,17.5,10.25,9.0,24.5,24.5,29.75,30.0,22.5,14.0,10.5,8.75,24.25,23.75,27.0,28.5,20.75,14.25,10.75,9.5
